1,2,0.00017698
1,10,0.00021341
2,3,0.00021705
3,2,0.00021705
4,5,0.00012537
5,6,0.00019471
6,7,0.00011517
7,8,0.00019502
8,9,0.00019692
9,1,0.00016327
10,11,0.00010587
11,10,0.00010587
12,13,0.00012082
12,63,9.4647e-05
13,14,0.00010256
14,15,6.3295e-05
15,14,6.3295e-05
16,87,9.9485e-05
16,17,9.2027e-05
17,18,0.00022271
18,19,0.00020977
19,20,0.0001277
20,21,0.00021244
21,22,4.76e-05
22,23,6.7896e-05
23,24,0.0001099
24,25,0.00016795
25,26,0.00031147
26,27,0.00011841
27,28,0.00011283
28,86,8.0737e-05
28,27,0.00011283
29,30,8.5983e-05
30,31,0.00023158
31,32,6.3787e-05
32,33,0.00014867
33,34,0.00014548
34,35,0.00015473
35,36,8.7122e-05
36,37,8.3427e-05
37,38,0.00012742
38,39,0.00028603
39,40,6.8979e-05
40,41,6.2716e-05
41,42,8.36e-05
42,43,0.00042408
43,44,0.00011901
44,45,0.00017981
45,46,0.00015407
46,47,0.00010302
47,46,0.00010302
48,49,8.3545e-05
49,50,0.00010388
50,51,8.2529e-05
51,52,6.5797e-05
52,53,0.00013964
53,54,5.8062e-05
54,55,4.4e-05
55,56,6.4306e-05
56,57,0.00026767
57,58,0.00019697
58,59,0.00019291
59,60,0.00014777
60,61,0.00022165
61,62,0.00018334
62,12,7.8339e-05
63,64,7.4243e-05
64,65,8.9752e-05
65,66,6.6134e-05
66,67,0.00013931
67,68,0.00011791
68,69,0.00014954
69,70,0.00017548
70,71,0.00012102
71,72,0.00012751
72,73,0.00017177
73,74,0.0001276
74,75,0.00013402
75,74,0.00013402
76,77,0.0002014
77,78,0.00021004
78,79,0.00024989
79,80,0.00024945
80,81,0.0001589
81,82,0.00034233
82,83,0.00024727
83,84,0.00026991
84,85,0.00024955
85,28,0.00016368
86,16,7.2106e-05
87,88,0.00010514
88,89,9.668e-05
89,90,8.0243e-05
90,91,0.000107
91,92,0.00010258
92,93,0.00021472
92,129,9.5779e-05
93,94,0.00017209
94,95,0.00028322
95,96,0.00023692
95,147,0.00010484
96,97,8.272e-05
97,98,0.00012954
98,99,0.00015719
98,146,0.00033422
99,100,0.00014804
100,101,0.00019277
101,102,0.00022338
102,103,0.00010714
103,104,0.00023233
104,105,0.00012932
105,106,0.00012952
106,107,0.0001438
107,108,0.00015797
108,109,0.00018841
109,110,0.00020512
110,111,0.0001388
111,112,0.00019825
112,113,0.00014804
113,114,0.00015377
113,992,0.00020889
114,115,0.0001213
114,1013,0.00013581
115,116,0.00011974
116,117,0.00011728
117,118,0.00012639
118,119,0.0001013
119,120,0.00018898
119,1007,7.3802e-05
120,121,0.00013619
121,122,0.00011226
122,123,9.1741e-05
123,124,0.00011267
124,125,0.00023606
125,126,7.3008e-05
126,127,7.4623e-05
127,128,8.375e-05
128,127,8.375e-05
129,130,0.00013261
130,131,9.572e-05
131,132,0.00013381
132,133,8.3124e-05
133,134,0.00013346
134,135,0.00012602
135,136,9.6397e-05
136,137,0.0001704
137,138,0.00016726
138,139,0.00011807
139,140,9.1597e-05
140,141,0.00012145
141,140,0.00012145
142,143,9.5331e-05
142,162,8.2369e-05
143,144,0.00026563
143,160,9.7666e-05
144,145,0.00014997
145,146,0.00027964
146,98,0.00033422
147,148,0.0001914
148,149,0.00014489
149,150,0.00023702
150,151,0.00014856
151,152,0.00021013
152,153,0.00014393
153,154,0.00016055
154,155,0.00019368
155,156,0.00029004
156,157,6.6988e-05
157,156,6.6988e-05
157,158,7.6358e-05
158,157,7.6358e-05
158,159,9.0272e-05
159,158,9.0272e-05
160,143,9.7666e-05
160,161,8.4354e-05
161,160,8.4354e-05
161,164,8.8842e-05
162,142,8.2369e-05
162,1098,0.000104
163,164,0.00019688
164,161,8.8842e-05
165,166,0.00027671
166,167,0.00012457
167,168,0.00013705
168,169,0.00018677
169,170,0.00016675
170,171,0.00018055
171,172,0.00032472
172,173,0.00015358
173,174,0.00018923
174,175,0.00030763
175,176,0.0001662
176,177,0.00043483
177,178,0.00019336
178,179,0.00021504
179,180,0.00026261
180,181,0.0011059
181,182,0.0005623
182,181,0.0005623
182,220,0.00028711
183,201,0.0003073
183,184,0.0001049
184,185,7.56e-05
185,186,0.00012569
186,187,9.8011e-05
187,188,0.000163
188,189,0.0001213
189,190,0.00014547
190,191,9.7217e-05
191,192,0.0001972
192,191,0.0001972
193,194,0.00031954
193,223,0.00023644
194,195,0.00011791
195,196,0.00011015
196,197,0.00012065
197,198,0.0002075
198,199,0.00012701
199,200,0.00020921
200,183,0.00010983
201,202,0.00015004
202,203,0.00010322
203,204,0.00011005
204,205,0.0003889
205,206,0.00013269
206,207,9.9624e-05
207,208,0.00012468
208,209,0.00015401
209,210,0.00020907
210,211,0.00021344
211,212,0.00026867
212,213,0.0001258
213,214,8.8782e-05
214,215,8.2565e-05
215,214,8.2565e-05
216,217,4.1648e-05
216,219,6.2019e-05
217,218,0.0002028
218,217,0.0002028
219,216,6.2019e-05
219,229,0.00014949
220,221,0.00016039
220,182,0.00028711
221,222,0.00020178
222,193,0.00018344
222,230,0.00024284
223,224,0.00019765
224,225,0.00049469
225,226,0.00035619
226,227,0.00021567
226,1165,0.00026532
227,228,0.00016324
228,229,0.00015269
229,219,0.00014949
230,231,0.00026594
231,232,0.00030134
232,233,0.0001271
233,234,9.4855e-05
234,235,0.00016737
235,236,0.00019409
236,237,0.00030028
237,238,0.00011558
238,239,0.00011619
239,240,0.00012853
240,241,0.0002102
241,242,0.00010545
242,243,0.00018168
243,244,0.00029648
244,245,0.00014295
245,244,0.00014295
246,247,0.0013892
247,248,0.0004851
248,249,0.00031142
249,250,0.000296
250,251,0.00052865
251,250,0.00052865
252,253,4.9736e-05
252,271,0.0001743
253,254,4.8256e-05
254,255,4.4923e-05
255,256,4.0795e-05
256,257,3.9204e-05
257,258,3.8749e-05
258,259,4.1519e-05
259,260,4.593e-05
260,261,4.987e-05
261,262,5.1925e-05
262,263,5.1251e-05
263,264,4.8391e-05
264,265,4.3844e-05
265,266,3.836e-05
266,267,3.6901e-05
267,268,3.8393e-05
268,269,4.2149e-05
269,270,4.6108e-05
270,252,4.9088e-05
271,272,0.00014368
272,273,0.00029628
273,296,0.00029735
273,272,0.00029628
273,317,0.0002588
274,275,0.00027982
275,276,0.0001952
276,277,0.00016905
277,278,0.00017559
278,279,0.00019273
279,280,0.00013438
280,281,0.00019526
281,282,0.00030046
282,283,0.0008314
283,282,0.0008314
284,285,0.0003784
285,286,0.00072309
286,287,0.00062518
287,286,0.00062518
288,289,0.00099787
289,290,0.00026712
290,289,0.00026712
291,292,0.0004831
291,306,0.00024147
292,293,0.00036066
293,294,0.00028201
294,295,0.0002435
295,294,0.0002435
296,297,0.00026689
297,298,0.00024207
298,299,0.00019905
299,300,0.00018642
300,301,0.00031236
301,302,0.00037466
302,303,0.00038555
303,304,0.00042237
304,305,0.00054021
305,306,0.00034868
305,304,0.00054021
306,291,0.00024147
306,305,0.00034868
307,308,0.00052122
307,611,0.00039062
308,309,0.00027414
309,310,0.00030579
310,311,0.0002236
311,312,0.0020432
312,313,0.00046394
312,318,0.0012983
313,314,0.0002651
314,315,0.00023333
315,316,0.00028285
316,317,0.00027857
317,273,0.0002588
318,319,0.00022749
319,320,0.00020848
320,321,0.00026382
321,322,0.00024311
322,323,0.00017132
323,324,0.0011057
324,325,0.00023682
325,326,0.00049949
326,327,0.00018574
327,328,0.00022873
328,329,0.00018159
329,330,0.00017301
330,331,0.00027831
331,332,0.00029233
332,339,0.00039431
332,374,0.00098313
332,331,0.00029233
333,334,0.0013283
333,291,0.0007129
334,335,0.00039209
335,336,0.0012001
336,335,0.0012001
337,370,0.000404
337,338,0.0011071
338,333,0.00038039
339,340,0.00013027
340,341,9.7417e-05
341,342,9.8433e-05
342,343,9.973e-05
343,344,8.7658e-05
344,345,0.00010819
345,346,0.00013471
346,347,0.00011597
347,348,6.1847e-05
348,349,5.9211e-05
349,350,0.000107
350,351,0.00011934
351,369,5.1264e-05
351,352,5.0833e-05
352,353,4.8004e-05
353,354,4.3722e-05
354,355,3.9727e-05
355,356,3.8101e-05
356,357,3.9808e-05
357,358,4.3806e-05
358,359,4.8101e-05
359,360,5.0882e-05
360,361,4.9163e-05
361,362,4.7246e-05
362,363,4.3665e-05
363,364,3.9724e-05
364,365,3.687e-05
365,366,3.6753e-05
366,367,3.9472e-05
367,368,4.3466e-05
368,369,4.9246e-05
369,351,5.1264e-05
370,371,0.0003676
370,337,0.000404
370,373,0.00085921
371,372,0.00011412
371,370,0.0003676
372,378,0.00091535
372,371,0.00011412
373,370,0.00085921
373,776,0.00040881
374,332,0.00098313
374,778,0.00062452
375,1399,0.00047181
375,376,0.00078022
376,377,0.0012922
377,378,0.0010029
377,403,0.00083314
378,372,0.00091535
379,407,0.0002158
379,380,0.00054258
380,381,0.00031016
381,382,0.00015945
382,383,0.000172
383,384,0.00032479
384,402,4.2165e-05
384,385,4.6361e-05
385,386,5.0001e-05
386,387,5.2131e-05
387,388,5.1845e-05
388,389,4.9362e-05
389,390,4.9154e-05
390,391,4.439e-05
391,392,4.2157e-05
392,393,4.3594e-05
393,394,4.8019e-05
394,395,5.2869e-05
395,396,5.6209e-05
396,397,5.6612e-05
397,398,5.4261e-05
398,399,4.584e-05
399,400,4.1741e-05
400,401,3.8989e-05
401,402,3.9172e-05
402,384,4.2165e-05
403,404,0.00014817
404,405,0.00014948
405,406,0.00017392
406,379,0.00032748
407,408,0.00022071
408,409,0.00014993
409,410,0.00018034
410,411,0.00064501
411,412,0.00014857
412,413,0.00014104
413,414,0.00016011
414,415,0.00037794
415,416,0.00016824
416,417,0.00015945
417,418,0.0010681
418,419,0.00053821
419,418,0.00053821
419,445,0.00074219
419,452,0.000473
420,441,0.00061201
420,421,0.00099125
421,422,4.5082e-05
421,439,4.988e-05
422,423,4.2147e-05
423,424,4.2976e-05
424,425,4.7088e-05
425,426,5.2052e-05
426,427,5.1883e-05
427,428,5.3102e-05
428,429,5.1806e-05
429,430,4.8411e-05
430,431,4.4088e-05
431,432,4.0522e-05
432,433,3.9362e-05
433,434,4.1235e-05
434,435,4.5231e-05
435,436,4.9473e-05
436,437,5.6081e-05
437,438,5.6571e-05
438,439,5.4244e-05
439,421,4.988e-05
440,420,0.00089708
440,629,0.00040103
440,501,0.0032041
441,442,0.00031915
442,443,0.00019443
443,444,0.00052492
444,419,0.00015003
445,446,0.000294
446,447,0.00021893
447,448,0.0002294
448,449,0.00023217
449,450,0.00022214
450,451,0.0001092
451,450,0.0001092
451,474,0.0002406
452,453,0.00014808
453,454,0.00017416
454,455,0.00029836
455,473,3.7692e-05
455,456,4.0809e-05
456,457,4.5061e-05
457,458,4.842e-05
458,459,4.9926e-05
459,460,4.9114e-05
460,461,4.643e-05
461,462,4.236e-05
462,463,3.8495e-05
463,464,3.7459e-05
464,465,3.9277e-05
465,466,4.3387e-05
466,467,4.7377e-05
467,468,5.005e-05
468,469,5.024e-05
469,470,4.8093e-05
470,471,4.384e-05
471,472,3.9776e-05
472,473,3.7171e-05
473,455,3.7692e-05
474,475,0.00032383
475,476,0.00034501
476,477,0.00024438
477,478,0.0002502
478,479,0.00030206
479,480,0.000334
480,481,0.00061578
481,482,0.00023125
482,483,0.00026586
483,484,0.00027777
484,485,0.00021467
485,486,0.00017962
486,487,0.00018845
487,488,0.0004837
488,489,0.00031442
488,1593,0.00191
489,490,0.00026005
490,491,0.00018732
491,492,0.00030166
492,493,0.00021601
493,494,0.00076317
494,811,0.00084927
494,495,0.0004131
495,496,0.0001399
496,497,0.00013463
497,498,0.00023255
498,499,0.00012888
499,500,0.00015608
500,501,0.00079964
501,500,0.00079964
501,782,0.0018561
502,503,0.00014273
503,504,0.0001104
504,505,0.00010505
505,506,0.00011307
506,507,0.00014226
507,508,0.00013564
508,507,0.00013564
509,600,0.00028903
509,510,0.00098517
510,511,0.00012495
511,512,0.00011769
512,513,4.7616e-05
512,530,4.3807e-05
513,514,4.9992e-05
514,515,5.024e-05
515,516,4.8204e-05
516,517,4.4569e-05
517,518,4.0536e-05
518,519,4.0714e-05
519,520,4.1117e-05
520,521,4.4559e-05
521,522,4.9477e-05
522,523,5.319e-05
523,524,5.4601e-05
524,525,5.301e-05
525,526,4.911e-05
526,527,4.1121e-05
527,528,3.8093e-05
528,529,3.7477e-05
529,530,3.9891e-05
530,512,4.3807e-05
531,532,0.00014553
532,533,8.9311e-05
533,534,0.00011693
534,535,9.2106e-05
535,536,8.993e-05
536,537,7.4954e-05
537,538,0.00016046
538,537,0.00016046
539,540,0.00012268
540,541,9.0423e-05
541,542,0.00011779
542,543,0.00010891
543,544,8.94e-05
544,545,9.6064e-05
545,546,0.00012067
546,545,0.00012067
547,599,0.00098613
547,548,0.0015309
548,566,4.86e-05
548,549,4.7491e-05
549,550,4.4694e-05
550,551,4.073e-05
551,552,3.7334e-05
552,553,3.6e-05
553,554,4.1522e-05
554,555,4.5857e-05
555,556,5.0493e-05
556,557,5.3373e-05
557,558,5.3549e-05
558,559,5.0956e-05
559,560,4.6478e-05
560,561,4.2001e-05
561,562,3.9915e-05
562,563,3.7265e-05
563,564,4.0662e-05
564,565,4.4525e-05
565,566,4.7441e-05
566,548,4.86e-05
567,615,0.00032694
567,568,0.0008134
568,569,0.00016951
569,570,0.00016117
570,571,0.0001706
571,572,0.00016926
572,573,0.00015411
573,574,0.00012963
574,575,4.6913e-05
574,592,4.9757e-05
575,576,4.2857e-05
576,577,3.9147e-05
577,578,3.7505e-05
578,579,3.888e-05
579,580,4.5467e-05
580,581,5.0088e-05
581,582,5.3309e-05
582,583,5.3834e-05
583,584,5.1833e-05
584,585,4.7583e-05
585,586,4.2991e-05
586,587,4.0121e-05
587,588,4.0954e-05
588,589,4.1629e-05
589,590,4.5859e-05
590,591,4.9161e-05
591,592,5.0725e-05
592,574,4.9757e-05
593,594,0.00017365
593,684,5.1157e-05
594,595,0.0002052
595,596,0.00022421
596,597,0.00026371
597,598,0.00032345
598,547,0.0022843
599,509,0.00079911
600,601,0.00056101
601,602,0.00022916
602,603,0.000204
603,604,0.00026856
604,605,0.0002314
605,606,0.00020938
606,607,0.00015298
607,608,0.00014039
608,609,0.00014962
609,610,0.00019782
610,307,0.000151
611,612,0.0001339
612,613,0.00033526
613,614,0.0002891
614,567,0.0012149
615,616,0.00019077
616,617,0.00017324
617,618,0.0001655
618,619,0.00014309
619,620,0.00016265
620,621,0.00031137
621,622,0.00024828
622,623,0.00026911
623,624,0.00021905
624,625,0.00019942
625,626,0.00016444
626,627,0.00019213
627,628,0.00016144
628,629,0.00050392
629,440,0.00040103
629,775,0.0021172
630,631,0.00015308
631,632,8.6984e-05
632,633,0.00012536
633,634,0.00013234
634,635,9.8495e-05
635,636,8.9293e-05
636,637,0.00013566
637,636,0.00013566
638,639,0.00010718
639,640,0.00027247
640,641,0.00030076
641,642,0.00019704
642,643,0.0007272
643,644,0.00026748
644,645,0.00031065
645,646,0.00032912
646,647,0.0003248
647,648,0.00010466
648,655,0.00037342
648,649,0.00024326
649,650,0.00040983
650,651,0.00066332
651,652,0.00046376
652,653,0.00046991
653,654,0.00036325
654,653,0.00036325
654,694,3.5371e-05
655,673,4.1046e-05
655,656,3.7705e-05
656,657,3.4079e-05
657,658,3.2026e-05
658,659,3.2635e-05
659,660,3.5693e-05
660,661,3.7806e-05
661,662,4.0455e-05
662,663,4.1401e-05
663,664,4.0529e-05
664,665,3.7997e-05
665,666,3.4525e-05
666,667,3.1735e-05
667,668,3.0647e-05
668,669,3.2246e-05
669,670,3.6972e-05
670,671,4.038e-05
671,672,4.2683e-05
672,673,4.2906e-05
673,655,4.1046e-05
674,835,0.00038542
674,675,0.00071379
674,783,0.00081632
675,762,0.001496
675,676,0.00042869
676,677,0.00051817
677,678,0.00040753
678,679,0.00049606
679,680,0.00096695
680,681,0.00090308
681,682,0.0003262
681,875,0.0009149
682,683,0.0002877
683,684,0.00083017
684,593,5.1157e-05
685,702,4.0563e-05
685,686,3.6696e-05
685,888,0.00034955
686,687,3.4647e-05
687,688,3.6017e-05
688,689,3.9604e-05
689,690,3.9848e-05
690,691,4.2146e-05
691,692,4.2926e-05
692,693,4.1565e-05
693,654,3.8844e-05
694,695,3.2578e-05
695,696,3.1806e-05
696,697,3.36e-05
697,698,3.669e-05
698,699,4.3914e-05
699,700,4.6416e-05
700,701,4.658e-05
701,702,4.4381e-05
702,685,4.0563e-05
703,769,0.00068802
703,704,0.00021752
704,705,7.524e-05
705,706,7.6485e-05
706,707,8.9493e-05
707,708,0.00010155
708,709,0.00010922
709,710,0.00011107
710,711,0.00010734
711,712,9.9985e-05
712,713,0.00012969
713,714,0.00012125
714,715,0.00012735
715,716,9.9246e-05
716,717,0.0001949
717,718,4.7279e-05
717,735,4.9391e-05
718,719,4.3503e-05
719,720,3.9663e-05
720,721,3.711e-05
721,722,3.7399e-05
722,723,4.4241e-05
723,724,4.8963e-05
724,725,5.2994e-05
725,726,5.4504e-05
726,727,5.3237e-05
727,728,4.946e-05
728,729,4.4609e-05
729,730,4.1073e-05
730,731,4.0675e-05
731,732,4.0003e-05
732,733,4.3804e-05
733,734,4.752e-05
734,735,4.9584e-05
735,717,4.9391e-05
736,772,0.00029977
736,737,0.00031704
737,738,0.00010962
738,739,6.8425e-05
739,740,5.7009e-05
740,741,4.8042e-05
741,742,0.00013917
742,743,5.0619e-05
743,761,3.9076e-05
743,744,4.2633e-05
744,745,4.5151e-05
745,746,4.5686e-05
746,747,4.6772e-05
747,748,4.3026e-05
748,749,3.8807e-05
749,750,3.6171e-05
750,751,3.6524e-05
751,752,3.9768e-05
752,753,4.399e-05
753,754,4.7199e-05
754,755,4.58e-05
755,756,4.4773e-05
756,757,4.1853e-05
757,758,3.8132e-05
758,759,3.5023e-05
759,760,3.3848e-05
760,761,3.56e-05
761,743,3.9076e-05
762,763,0.00019426
763,764,0.00014963
764,765,0.0001636
765,766,0.00018762
766,767,0.00013695
767,768,0.00016444
768,703,0.00036601
769,770,0.00017439
770,771,0.00023558
771,736,0.00034091
772,773,0.00022027
773,774,0.00013465
774,775,0.00013003
775,629,0.0021172
776,777,0.00057635
777,374,0.00047464
778,779,0.00062537
779,780,0.0010461
780,781,0.00031546
781,440,0.00088241
782,786,0.00040272
782,674,0.0019631
783,784,0.002672
784,856,0.00039802
784,785,0.0024097
785,784,0.0024097
785,7194,0.00058254
786,787,0.00013175
787,788,0.00012728
788,789,0.00019733
789,790,0.00015165
790,791,0.00022628
791,792,0.00025271
792,810,5.3422e-05
792,793,5.4213e-05
793,794,5.2052e-05
794,795,4.7965e-05
795,796,4.3159e-05
796,797,4.0404e-05
797,798,3.7732e-05
798,799,4.0858e-05
799,800,4.486e-05
800,801,4.8208e-05
801,802,4.9873e-05
802,803,4.931e-05
803,804,4.6572e-05
804,805,4.271e-05
805,806,3.8918e-05
806,807,3.7014e-05
807,808,4.1398e-05
808,809,4.5474e-05
809,810,5.0136e-05
810,792,5.3422e-05
811,829,4.4231e-05
811,812,4.3115e-05
812,813,4.579e-05
813,814,5.065e-05
814,815,5.5291e-05
815,816,5.7872e-05
816,817,5.3798e-05
817,818,5.1131e-05
818,819,4.7029e-05
819,820,4.2686e-05
820,821,4.035e-05
821,822,4.0996e-05
822,823,4.4355e-05
823,824,4.8741e-05
824,825,5.2384e-05
825,826,5.7963e-05
826,827,5.7153e-05
827,828,5.3412e-05
828,829,4.846e-05
829,811,4.4231e-05
830,1594,0.00031672
830,831,0.0010924
831,832,0.0002069
832,833,0.00028364
833,834,0.00022196
834,833,0.00022196
834,838,0.00048392
835,836,0.00023254
836,837,0.00024296
837,834,0.00022513
838,839,0.00024763
839,840,0.00021505
840,841,0.00024049
841,842,0.00086709
842,830,0.0012214
842,843,0.0010714
843,855,0.00011436
843,844,0.00026022
844,845,6.5792e-05
845,846,6.4109e-05
846,847,8.6243e-05
847,848,7.0444e-05
848,849,4.9961e-05
849,850,5.8183e-05
850,851,5.43e-05
851,852,3.671e-05
852,853,4.6947e-05
853,854,0.00010584
854,855,9.386e-05
855,843,0.00011436
856,857,0.00037653
856,784,0.00039802
857,858,0.00055909
858,859,0.00020832
859,860,0.00024493
860,861,0.00022992
861,862,0.00017579
862,863,0.00014403
863,864,0.00017548
864,865,0.00025658
865,866,0.00031708
866,867,0.00039318
867,868,0.00032282
868,869,0.00064063
869,870,0.0003106
870,871,0.00039036
871,872,0.00015344
872,873,0.00016936
873,874,0.0001871
874,873,0.0001871
874,876,0.00040306
875,874,0.00069948
876,877,0.00025502
877,878,0.00024554
878,879,0.00021883
879,880,0.0001764
880,881,0.00013124
881,882,0.0001353
882,883,0.00018019
883,884,0.00080543
884,885,0.0004803
885,886,0.00059203
886,887,0.00058006
887,856,0.00040008
888,889,0.00012912
889,890,0.00010024
890,891,0.00013669
891,892,0.00016797
892,893,0.00053911
893,894,0.00016973
894,895,0.00011381
895,896,0.00010377
896,897,0.00041758
897,898,0.00014239
898,899,0.00014406
899,900,0.00014199
900,901,0.00066427
901,902,5.8215e-05
902,903,0.00011628
903,904,0.00013595
904,905,0.00013341
905,906,0.00022246
906,907,0.00028328
906,7193,0.00047653
907,908,0.0001042
908,909,0.00016759
909,910,0.00015503
910,911,0.0007154
911,912,0.00012369
912,913,0.00011353
913,914,0.00010856
914,915,9.1214e-05
915,916,0.00011086
916,917,0.00026128
917,918,0.00012083
918,919,0.00014641
919,920,0.00014736
920,921,0.00025694
921,922,0.00022589
922,923,0.00031334
923,922,0.00031334
924,925,0.0007094
924,950,0.00020354
925,926,4.2215e-05
925,943,3.8486e-05
926,927,4.6203e-05
927,928,4.9211e-05
928,929,5.0126e-05
929,930,4.8653e-05
930,931,4.6396e-05
931,932,4.2042e-05
932,933,3.8792e-05
933,934,3.8326e-05
934,935,4.1218e-05
935,936,4.5534e-05
936,937,4.9427e-05
937,938,5.1334e-05
938,939,5.0821e-05
939,940,4.6742e-05
940,941,4.267e-05
941,942,3.882e-05
942,943,3.7113e-05
943,925,3.8486e-05
944,1684,0.00039635
944,945,0.00022795
945,946,0.00022481
946,947,0.00021182
947,948,0.00022628
948,949,0.00021638
949,924,0.00030703
950,951,0.00025359
951,952,0.00020172
951,979,0.00021237
952,953,0.00024022
953,954,0.00012587
954,972,4.5366e-05
954,955,4.1192e-05
955,956,3.9505e-05
956,957,4.1082e-05
957,958,4.5124e-05
958,959,4.9512e-05
959,960,5.1484e-05
960,961,5.2086e-05
961,962,5.0284e-05
962,963,4.6595e-05
963,964,4.226e-05
964,965,3.917e-05
965,966,3.9008e-05
966,967,4.1774e-05
967,968,4.6047e-05
968,969,5.0983e-05
969,970,5.3174e-05
970,971,5.2641e-05
971,972,4.984e-05
972,954,4.5366e-05
973,974,0.00013359
973,987,7.1701e-05
974,975,0.00019374
975,976,0.00025323
976,977,0.0002682
977,978,0.00028995
978,979,0.00021455
979,951,0.00021237
980,1718,0.00041397
980,981,0.00030885
981,982,0.00019991
982,983,0.00016364
983,984,0.00051986
984,985,0.00014513
985,986,0.00017653
986,973,0.00022664
987,988,0.00023394
988,989,0.00016183
989,990,0.00024707
990,991,0.00036478
991,990,0.00036478
992,993,0.0001968
993,994,0.00010544
994,995,0.00013627
995,996,8.1771e-05
996,995,8.1771e-05
997,998,0.00011303
998,999,9.9739e-05
999,1000,7.7833e-05
1000,1001,0.00026931
1001,1002,0.00014312
1002,1003,0.00019071
1003,1004,0.00011786
1004,1005,0.00011521
1005,1006,9.4202e-05
1006,1007,8.3491e-05
1007,119,7.3802e-05
1008,1009,0.00013606
1009,1048,8.8754e-05
1009,1008,0.00013606
1010,1012,7.1767e-05
1010,1011,0.00024938
1011,1010,0.00024938
1011,1030,8.8618e-05
1012,1010,7.1767e-05
1013,1014,0.00010625
1014,1015,0.0001202
1015,1016,9.8367e-05
1016,1017,0.00011934
1017,1018,9.6077e-05
1018,1019,5.6464e-05
1019,1020,7.0446e-05
1020,1021,0.00010743
1021,1022,0.00023442
1022,1023,0.00058914
1023,1024,9.1673e-05
1023,1062,0.00011243
1024,1025,9.68e-05
1025,1026,0.00021416
1026,1027,0.00011407
1027,1028,0.00017112
1028,1029,0.00012905
1029,1028,0.00012905
1030,1031,0.0001643
1031,1032,0.00017283
1032,1033,0.00019106
1033,1034,0.00023234
1034,1035,0.00014991
1035,1036,0.00014031
1036,1037,0.00013193
1037,1038,0.00016225
1038,1039,0.00019828
1039,1040,0.00019049
1040,1041,0.00012257
1041,1042,0.00011382
1042,1043,0.00023815
1043,1044,8.8239e-05
1044,1045,0.00015364
1045,1046,0.00022046
1046,1047,0.00027415
1047,1046,0.00027415
1048,1049,0.00012243
1049,1050,0.00017752
1050,1051,0.00013171
1051,1052,0.00020061
1052,1053,0.00021341
1053,1054,0.00023382
1054,1055,0.0001235
1055,1056,0.00015962
1056,1057,0.00023112
1057,1058,0.00037534
1058,1059,0.00033797
1059,1060,0.00017129
1060,1061,7.5553e-05
1061,1060,7.5553e-05
1062,1063,0.00012149
1063,1064,0.00011069
1064,1065,9.9147e-05
1065,1064,9.9147e-05
1066,1067,0.00017912
1066,1145,8.6147e-05
1067,1068,8.2868e-05
1068,1069,8.1566e-05
1069,1070,0.00010691
1070,1071,7.1395e-05
1071,1072,0.00011279
1072,1073,7.6377e-05
1073,1074,0.00012076
1074,1075,0.00013478
1075,1076,6.73e-05
1076,1077,8.1918e-05
1077,1078,8.7499e-05
1078,1079,0.00010647
1079,1080,7.7184e-05
1080,1081,0.00010218
1081,1082,0.00010064
1082,1083,0.00015115
1083,1084,8.4432e-05
1084,1085,0.00010463
1085,1086,0.00011357
1086,1087,0.00010331
1087,1088,0.00014373
1088,1089,0.00019472
1089,1090,9.9823e-05
1090,1091,0.00013811
1091,1092,8.9451e-05
1092,1093,0.000119
1093,1094,0.00011574
1094,1095,8.8156e-05
1095,1096,9.1062e-05
1096,1097,8.6098e-05
1097,1098,5.0092e-05
1098,162,0.000104
1099,1100,9.1548e-05
1100,1101,0.00012209
1101,1102,0.00036997
1102,1103,0.00010492
1103,1104,7.6037e-05
1104,1105,0.00010585
1105,1106,0.00022696
1106,1107,0.00016886
1107,1108,8.6507e-05
1108,1109,8.447e-05
1109,1110,8.7189e-05
1110,1111,7.0053e-05
1111,1112,0.00011127
1112,1113,0.0011327
1113,1114,0.0011085
1114,1115,0.00014346
1115,1116,0.00013491
1116,1117,9.5876e-05
1117,1116,9.5876e-05
1118,1119,0.00015959
1119,1120,5.8458e-05
1120,1121,8.822e-05
1121,1122,0.00018864
1122,1123,0.00024199
1123,1124,0.00032076
1124,1125,0.00017062
1125,1126,0.00016779
1126,1127,0.00018892
1127,1128,0.00018192
1128,1129,0.00017615
1129,1130,0.00010612
1130,1131,0.00017184
1131,1132,0.00021952
1132,1133,0.00020264
1133,1134,0.00085596
1134,1133,0.00085596
1135,1136,7.2872e-05
1136,1137,8.3696e-05
1137,1138,7.8171e-05
1138,1139,7.4134e-05
1139,1140,0.0001084
1140,1141,6.7912e-05
1141,1142,9.658e-05
1142,1143,0.00017795
1143,1142,0.00017795
1143,1144,9.5715e-05
1144,1143,9.5715e-05
1144,1146,0.00010881
1145,1066,8.6147e-05
1145,1164,2.8792e-05
1146,1147,0.0001074
1147,1148,8.7176e-05
1148,1149,0.00012966
1149,1150,0.00013592
1150,1151,0.0002037
1151,1152,8.5905e-05
1152,1153,0.0002473
1153,1154,0.00013866
1154,1155,4.0731e-05
1155,1156,4.433e-05
1156,1157,0.00023468
1157,1158,0.00016276
1158,1159,0.00014539
1159,1160,0.0003066
1160,1161,7.7974e-05
1161,1162,7.5725e-05
1162,1163,8.7449e-05
1163,1164,8.9954e-05
1164,1145,2.8792e-05
1165,1166,0.00025242
1166,1167,0.00027551
1166,1188,0.00045381
1167,1168,0.00014575
1168,1169,0.00010567
1169,1170,0.00014659
1170,1171,0.0001753
1171,1172,0.00013909
1172,1173,0.00023604
1173,1172,0.00023604
1174,1175,0.00029683
1175,1176,9.2802e-05
1176,1177,6.6332e-05
1177,1178,0.00015358
1178,1179,0.00018999
1179,1180,8.4914e-05
1180,1181,8.4613e-05
1181,1182,0.00012587
1182,1183,0.00023852
1183,1184,0.00027845
1184,1185,0.00016635
1185,1186,0.00013769
1186,1187,0.00013673
1187,1186,0.00013673
1188,1189,0.00039942
1189,1190,0.00040038
1190,1189,0.00040038
1191,1192,0.00010487
1192,1193,0.00012345
1193,1194,0.00015955
1194,1195,0.00034415
1195,1196,9.5057e-05
1196,1197,7.1413e-05
1197,1198,8.3432e-05
1198,1199,0.00040335
1199,1200,5.8368e-05
1200,1201,0.00031342
1201,1202,8.05e-05
1202,1203,0.00011857
1203,1202,0.00011857
1204,1340,0.00091301
1204,1205,0.00054001
1205,1206,0.00077802
1206,1205,0.00077802
1207,1334,0.0019379
1207,1212,0.00010932
1207,1208,0.00011339
1208,1209,0.00029726
1209,1210,0.0001043
1210,1209,0.0001043
1210,1211,9.9538e-05
1210,1217,0.00024121
1211,1212,0.00030785
1212,1207,0.00010932
1213,1214,0.0006437
1213,1263,0.000267
1214,1215,8.9822e-05
1215,1216,5.7428e-05
1216,1215,5.7428e-05
1216,1240,9.4578e-05
1217,1210,0.00024121
1217,1218,0.0012554
1218,1219,5.4129e-05
1219,1220,5.7489e-05
1220,1221,6.2097e-05
1221,1222,0.00010946
1222,1223,0.000209
1223,1224,0.00022611
1224,1225,8.1744e-05
1225,1226,5.6365e-05
1226,1227,5.3814e-05
1227,1228,4.8847e-05
1228,1229,6.9181e-05
1229,1230,0.0011907
1230,1217,0.00086313
1230,1229,0.0011907
1231,1232,0.00011022
1231,1248,0.00054237
1231,1249,0.00013618
1232,1233,0.00023576
1233,1234,0.00013055
1234,1235,0.000142
1235,1236,0.00012856
1236,1237,0.00012347
1237,1238,0.00010526
1238,1239,0.0001202
1239,1230,0.00016303
1240,1241,0.00063805
1241,1257,0.00066027
1241,1242,0.00063701
1242,1258,0.00029933
1242,1243,0.00084726
1243,1289,0.000306
1243,1244,0.00025407
1244,1245,6.7742e-05
1245,1246,5.1e-05
1246,1247,4.6819e-05
1247,1248,5.2345e-05
1248,1231,0.00054237
1249,1250,0.000387
1250,1275,0.0017306
1250,1251,0.00074802
1251,1252,6.2968e-05
1252,1253,6.8476e-05
1253,1252,6.8476e-05
1253,1306,5.6223e-05
1254,1255,0.00010465
1254,1266,0.00015135
1255,1256,7.7524e-05
1256,1257,0.00010673
1257,1241,0.00066027
1258,1259,0.00034905
1259,1260,0.00016811
1260,1261,0.0001919
1261,1260,0.0001919
1261,1271,0.00077523
1262,1207,0.0014827
1262,1213,0.00025224
1263,1290,0.0017292
1263,1264,0.00015832
1264,1265,0.00012557
1265,1254,6.1074e-05
1266,1267,6.4498e-05
1267,1268,5.7974e-05
1268,1269,7.9404e-05
1269,1270,0.00024003
1270,1291,0.00018866
1270,1261,0.00029698
1271,1287,0.00010277
1271,1272,0.00015945
1272,1273,0.00023723
1273,1274,0.00013613
1274,1275,0.00039102
1275,1250,0.0017306
1275,1276,0.00093708
1276,1275,0.00093708
1276,1309,0.0013132
1277,1299,2.3601e-05
1277,1278,3.6056e-05
1278,1279,6.4537e-05
1279,1280,0.00021904
1280,1281,0.0001271
1281,1282,0.00016011
1282,1283,0.00022461
1283,1284,0.000123
1284,1285,0.00011927
1285,1286,0.00037635
1286,1271,0.00016827
1287,1288,0.00025902
1288,1289,0.00033329
1289,1243,0.000306
1290,1263,0.0017292
1290,1296,0.00074722
1291,1292,0.000116
1292,1293,0.00041044
1293,1294,0.00024935
1294,1295,0.00018972
1295,1296,0.00036807
1296,1295,0.00036807
1296,1298,0.00065301
1297,1290,0.00017913
1298,1299,0.00010593
1299,1277,2.3601e-05
1300,1301,2.9442e-05
1300,1313,5.7745e-05
1301,1302,5.8694e-05
1302,1303,6.603e-05
1303,1304,2.6209e-05
1304,1325,8.98e-05
1304,1305,0.00036794
1305,1275,0.00089935
1306,1307,5.2393e-05
1307,1308,0.00011842
1308,1276,0.001493
1309,1310,5.9908e-05
1310,1311,4.8765e-05
1311,1312,2.2825e-05
1312,1326,5.012e-05
1312,1311,2.2825e-05
1313,1314,8.1398e-05
1313,1300,5.7745e-05
1314,1315,0.00010427
1315,1316,8.2683e-05
1316,1317,6.4461e-05
1317,1318,5.3244e-05
1318,1319,3.9579e-05
1319,1320,4.5722e-05
1320,1321,3.1679e-05
1321,1322,3.6768e-05
1322,1323,3.4916e-05
1323,1324,3.3493e-05
1324,1325,3.9205e-05
1325,1304,8.98e-05
1326,1327,9.1924e-05
1327,1328,0.00057815
1328,1313,0.0001023
1329,3534,0.0013641
1329,1330,0.0010173
1330,1331,0.0013458
1330,3495,0.0012198
1331,1332,0.00020673
1332,1333,0.0054877
1332,3485,0.0006696
1333,1262,0.0017477
1334,1207,0.0019379
1334,1346,0.0023645
1335,1336,0.00015827
1335,2107,0.0008172
1335,2125,0.00059264
1336,1337,0.00080509
1337,1338,0.001071
1338,1339,0.00098605
1339,1204,0.00085101
1339,2110,0.0006081
1340,1341,0.0014382
1341,1342,0.0013162
1341,1348,0.0003497
1342,1343,0.000704
1343,1344,0.00068512
1344,1345,0.0041198
1344,1347,0.0045195
1345,1346,0.0041207
1346,1334,0.0023645
1347,1344,0.0045195
1348,1349,0.00052516
1349,1350,0.00049065
1350,1351,0.00026239
1351,1352,0.00018886
1352,1353,0.00020357
1353,1354,0.00035399
1354,1355,0.00023614
1355,1356,0.00019912
1356,1357,0.00027719
1357,1358,0.00069476
1358,1359,0.00027015
1359,1360,0.0002435
1360,1361,0.00022895
1361,1362,0.0002388
1362,1363,0.00022767
1363,1364,0.00025498
1364,1363,0.00025498
1365,2161,0.00035727
1365,1366,0.00010725
1366,1367,5.1845e-05
1367,1368,5.5823e-05
1368,1369,0.00017066
1369,1370,7.4984e-05
1370,1371,8.6193e-05
1371,1372,0.00014485
1372,1373,0.00022057
1373,1374,0.00015839
1374,1375,9.7835e-05
1375,1376,9.1173e-05
1376,1377,0.0001277
1377,1378,9.733e-05
1378,1379,0.00011557
1379,1380,8.5083e-05
1380,1381,7.1135e-05
1381,1382,0.00010714
1382,1383,0.00022589
1383,1384,6.4747e-05
1384,1392,0.00022663
1384,1385,7.5514e-05
1385,1386,0.00010477
1386,1387,6.1981e-05
1387,1388,5.3956e-05
1388,1389,4.5742e-05
1389,1390,7.7255e-05
1390,1391,4.0087e-05
1391,1392,6.7674e-05
1392,1384,0.00022663
1393,4616,0.00028641
1393,1394,0.00087347
1394,4619,0.00011819
1394,1395,0.00010432
1395,1396,0.00032395
1396,1395,0.00032395
1396,2626,0.00044803
1397,1398,0.00039633
1397,1399,0.00040074
1398,1397,0.00039633
1399,1397,0.00040074
1399,375,0.00047181
1399,2109,0.00061086
1399,1400,0.0011247
1400,1399,0.0011247
1400,1402,0.0012436
1401,1402,0.0020075
1401,1422,0.00017954
1402,1400,0.0012436
1403,1434,0.00013582
1403,1404,4.2412e-05
1403,1419,4.2947e-05
1404,1405,4.6959e-05
1405,1406,3.5532e-05
1406,1407,4.1506e-05
1407,1408,2.9929e-05
1408,1409,4.2755e-05
1409,1410,5.5468e-05
1410,1411,6.1668e-05
1411,1412,4.8332e-05
1412,1413,3.6133e-05
1413,1414,3.5765e-05
1414,1415,3.5879e-05
1415,1416,3.5781e-05
1416,1417,5.9141e-05
1417,1418,3.0759e-05
1418,1419,6.52e-05
1419,1403,4.2947e-05
1420,1462,0.00030306
1420,1421,0.00031127
1420,1425,0.00033296
1420,1426,0.0012128
1421,1422,0.00043815
1422,1421,0.00043815
1422,1401,0.00017954
1423,1425,0.00046022
1423,1424,9.5942e-05
1423,1552,0.0038825
1424,1422,5.7336e-05
1425,1420,0.00033296
1426,1427,0.00014211
1427,1426,0.00014211
1427,1530,5.8459e-05
1427,1517,6.4776e-05
1428,1497,0.00025134
1428,1429,9.8127e-05
1428,1435,0.0011225
1429,1430,0.00026615
1430,1431,0.00023523
1431,1432,0.00016736
1432,1433,0.0001822
1433,1434,0.00013829
1434,1403,0.00013582
1435,1428,0.0011225
1435,1459,0.000269
1435,1436,0.00024911
1436,1437,0.00018344
1437,1436,0.00018344
1437,1451,4.2172e-05
1437,1438,4.6021e-05
1438,1439,4.9515e-05
1439,1440,5.0067e-05
1440,1441,6.0808e-05
1441,1442,4.9061e-05
1442,1443,4.76e-05
1443,1444,4.4907e-05
1444,1445,4.5543e-05
1445,1446,4.6888e-05
1446,1447,4.402e-05
1447,1448,5.4305e-05
1448,1449,6.3657e-05
1449,1450,4.9788e-05
1450,1451,4.1652e-05
1451,1437,4.2172e-05
1452,1515,0.00056854
1452,1453,0.00017307
1452,1498,0.00036358
1453,1454,0.00040655
1454,1455,0.00019725
1455,1456,0.000157
1456,1457,0.0003793
1457,1458,0.00091867
1457,1463,0.00041389
1458,1435,0.000168
1459,1460,0.00020336
1460,1461,0.00022611
1461,1462,0.00064656
1462,1420,0.00030306
1463,1457,0.00041389
1463,1479,3.2774e-05
1463,1464,5.1751e-05
1464,1465,4.7545e-05
1465,1466,5.0819e-05
1466,1467,5.236e-05
1467,1468,5.8937e-05
1468,1469,4.43e-05
1469,1470,3.7784e-05
1470,1471,4.1315e-05
1471,1472,3.8311e-05
1472,1473,4.2063e-05
1473,1474,4.8885e-05
1474,1475,4.8897e-05
1475,1476,6.4444e-05
1476,1477,5.5135e-05
1477,1478,4.5045e-05
1478,1479,2.6003e-05
1479,1463,3.2774e-05
1480,1481,0.0014853
1480,1503,0.0018717
1481,1482,0.00027244
1482,1483,0.00044071
1483,1484,0.00057664
1484,1485,0.00026717
1485,1486,0.00010124
1486,2120,0.00018417
1486,1487,6.5437e-05
1487,1488,0.00018953
1488,1489,0.0002314
1489,1490,0.00033295
1490,1491,0.0010391
1491,1492,0.00021047
1492,1493,0.00014036
1492,1516,0.00053227
1493,1494,0.00024689
1494,1495,0.0011963
1495,1496,0.00044783
1496,1497,0.00033373
1497,1428,0.00025134
1498,1499,0.0002617
1499,1500,0.00026053
1500,1501,0.00026646
1501,1500,0.00026646
1501,1583,4.8339e-05
1501,1568,7.229e-05
1502,2259,0.0011156
1502,1480,0.00066524
1503,1504,0.00042027
1504,1505,0.00015451
1505,1506,0.0001528
1506,1507,0.00018258
1507,1508,8.8685e-05
1508,1509,2.4352e-05
1509,1510,0.00016572
1509,1548,0.00024801
1510,1511,0.00018986
1511,1512,0.00022422
1512,1513,0.00024966
1513,1514,0.00038539
1514,1452,0.00030357
1515,1516,0.00039273
1516,1492,0.00053227
1517,1518,5.7114e-05
1518,1519,4.8974e-05
1519,1520,4.4214e-05
1520,1521,4.6586e-05
1521,1522,5.1656e-05
1522,1523,4.4263e-05
1523,1524,4.8923e-05
1524,1525,6.0275e-05
1525,1526,6.4501e-05
1526,1527,4.7649e-05
1527,1528,4.4959e-05
1528,1529,4.536e-05
1529,1530,3.5645e-05
1530,1427,5.8459e-05
1531,1532,4.2476e-05
1531,1550,0.00010958
1531,1547,4.1e-05
1532,1533,4.3218e-05
1533,1534,4.8365e-05
1534,1535,4.5267e-05
1535,1536,4.223e-05
1536,1537,4.6914e-05
1537,1538,4.0015e-05
1538,1539,4.784e-05
1539,1540,5.5658e-05
1540,1541,4.1023e-05
1541,1542,4.0246e-05
1542,1543,4.7405e-05
1543,1544,4.012e-05
1544,1545,4.0619e-05
1545,1546,5.6776e-05
1546,1547,4.7901e-05
1547,1531,4.1e-05
1548,1549,7.0448e-05
1549,1550,6.9863e-05
1550,1531,0.00010958
1551,1552,0.0020472
1551,1875,0.00061913
1552,1423,0.0038825
1552,1555,0.00038832
1553,1651,0.0004343
1553,1554,0.0001434
1554,1553,0.0001434
1554,1825,7.3874e-05
1555,1556,0.00027641
1556,1557,0.00025653
1557,1558,0.00012974
1558,1567,0.00012895
1558,1559,0.0001143
1559,1560,0.00012823
1560,1561,0.00011754
1561,1562,0.00019832
1562,1563,9.996e-05
1563,1564,0.00010314
1564,1565,0.00014956
1565,1566,0.00012609
1566,1567,0.0001029
1567,1558,0.00012895
1568,1569,4.7101e-05
1569,1570,4.5322e-05
1570,1571,4.4436e-05
1571,1572,3.4084e-05
1572,1573,3.8329e-05
1573,1574,3.6011e-05
1574,1575,4.4866e-05
1575,1576,6.5092e-05
1576,1577,5.7149e-05
1577,1578,4.3135e-05
1578,1579,3.8733e-05
1579,1580,3.8954e-05
1580,1581,4.9524e-05
1581,1582,3.6309e-05
1582,1583,3.0268e-05
1583,1501,4.8339e-05
1584,1920,0.00075056
1584,1585,0.00088397
1585,1586,0.00014994
1585,1884,0.00037011
1586,1587,0.0001319
1587,1588,0.00015792
1588,1589,0.0001506
1589,1590,0.00015352
1590,1591,0.00021196
1591,1592,5.084e-05
1592,1591,5.084e-05
1592,1875,0.00070354
1593,488,0.00191
1593,1599,0.00063187
1593,1652,0.0012779
1594,1595,0.00023973
1595,1596,0.00024353
1596,1597,0.00019841
1597,1598,0.00017426
1598,1599,0.000174
1599,1593,0.00063187
1600,1698,0.00042842
1600,1601,0.00029399
1601,1602,8.9972e-05
1602,1601,8.9972e-05
1603,1604,0.00028728
1603,1823,0.00010643
1603,1824,0.0001263
1604,1605,0.00017443
1605,1606,0.00015612
1606,1607,0.00011261
1607,1608,0.00011636
1608,1609,0.00017698
1609,1610,0.00022209
1610,1611,0.00017985
1611,1612,0.0001866
1612,1613,0.001904
1613,1612,0.001904
1613,1617,0.000295
1614,1615,0.0005918
1615,1616,0.00023148
1616,1613,0.00019401
1617,1618,0.00041989
1618,1619,0.00031198
1619,1620,9.3301e-05
1620,1621,9.5635e-05
1621,1622,0.00011113
1622,1623,0.00012298
1623,1640,0.00011075
1623,1624,0.00013765
1624,1623,0.00013765
1624,1641,0.00014315
1624,1671,0.00018422
1625,1626,9.6292e-05
1625,1632,0.00053475
1626,1649,0.00043453
1626,1625,9.6292e-05
1627,1823,0.00057952
1627,1628,0.00012131
1628,1629,5.4231e-06
1628,1650,8.9546e-05
1629,1630,0.0004192
1630,1631,0.00024489
1631,1625,0.00013993
1632,1648,0.00010666
1632,1633,0.00031041
1633,1634,0.00020761
1634,1646,0.00010313
1634,1635,0.00023504
1635,1636,0.00016048
1636,1637,0.00013195
1637,1638,4.8947e-05
1638,1643,0.00012025
1638,1639,0.00014747
1639,1640,0.00019483
1640,1623,0.00011075
1641,1642,0.00022994
1642,1643,0.00010364
1643,1644,0.00013026
1643,1638,0.00012025
1644,1645,0.00029168
1645,1646,0.0002663
1646,1647,0.00014796
1646,1634,0.00010313
1647,1648,0.0003683
1648,1626,0.00052391
1648,1632,0.00010666
1649,1650,0.00033825
1650,1651,0.00013946
1650,1554,0.00044581
1651,1627,7.8489e-05
1651,1650,0.00013946
1652,1653,0.0009971
1653,1654,0.00032401
1654,1655,0.00014376
1655,1656,0.00015743
1656,1657,0.00017669
1656,1756,0.00039654
1657,1658,0.00012108
1658,1659,0.00013548
1659,1660,0.000354
1660,1661,4.8e-05
1661,1670,6.603e-05
1661,1662,0.00022543
1662,1663,0.00015249
1663,1664,0.00014726
1664,1665,0.00019144
1665,1666,0.00027315
1666,1667,0.00046863
1666,1778,0.00047001
1667,1849,0.0003549
1667,1668,0.0002114
1668,1669,0.00018587
1669,1946,0.00044373
1669,1668,0.00018587
1669,1947,0.00033593
1670,1671,0.00024507
1671,1624,0.00018422
1672,1673,0.0002314
1672,1685,0.00010742
1673,1674,0.00066843
1674,1673,0.00066843
1675,1676,0.00047087
1675,1688,0.00017129
1675,1677,0.00036731
1676,1675,0.00047087
1677,1678,0.00016773
1678,1677,0.00016773
1679,1680,0.00044897
1679,1719,0.00017665
1679,1704,0.00052528
1680,1681,0.00017149
1681,1682,0.00021385
1682,1683,0.0001866
1683,944,7.521e-05
1684,1672,0.00021001
1685,1686,0.00012465
1686,1687,0.00018726
1687,1675,0.00034065
1688,1689,0.0001535
1689,1690,0.00020225
1690,1691,0.00023891
1691,1692,0.00025682
1692,1693,0.00017284
1692,1757,0.00027327
1693,1694,0.00064402
1694,1695,0.00023436
1695,1696,0.00022553
1696,1697,0.00021232
1697,1600,0.00041978
1698,1699,0.0001287
1699,1700,0.00014409
1700,1701,0.00020377
1701,1702,0.00043312
1702,1703,0.00040522
1703,1754,0.00045304
1703,1702,0.00040522
1704,1705,0.0002439
1705,1706,0.00017094
1706,1707,0.00018089
1707,1708,0.00012271
1708,1709,0.00012689
1709,1710,0.00013809
1710,1711,0.00016475
1711,1712,0.00024223
1712,1711,0.00024223
1713,1714,0.00041295
1713,7197,0.0021046
1713,7322,0.000853
1714,1715,0.00014925
1715,1716,0.000148
1716,1717,0.00017718
1717,980,0.00042433
1718,1679,0.00032855
1719,1720,0.0001186
1720,1721,0.00011815
1721,1722,0.00060904
1722,1723,0.00013564
1723,1724,0.00013507
1724,1725,0.00017259
1725,1726,0.00025331
1726,1727,0.00019799
1727,1728,0.00013285
1728,1729,0.00017084
1729,1730,0.00051316
1730,1731,0.00039076
1731,1732,0.00015967
1732,1733,0.00024614
1733,1743,0.00023333
1733,1779,0.00015925
1733,1734,0.00040335
1734,1735,0.0001941
1735,1734,0.0001941
1735,1788,0.00010767
1735,1789,0.00012818
1736,1737,0.00023957
1736,1759,0.00013572
1737,1738,3.0414e-05
1738,1739,0.00058923
1739,1740,0.00017851
1740,1741,0.00019825
1741,1742,0.00012709
1742,1741,0.00012709
1743,1744,0.00045077
1744,1745,0.00018094
1745,1746,0.00017664
1746,1747,0.00024605
1747,1748,0.00079542
1748,1749,0.00031206
1748,1763,0.00031651
1749,1750,0.000466
1750,1751,0.0002803
1751,1752,0.00063401
1752,1753,0.00026948
1753,1703,0.00042101
1754,1755,0.00020056
1755,1756,0.00018964
1756,1656,0.00039654
1757,1758,0.00032827
1758,1736,0.00021428
1759,1760,0.0001301
1760,1761,0.00014286
1761,1762,0.00032336
1762,1763,0.00023479
1763,1748,0.00031651
1764,1953,0.00031737
1764,1765,0.00021864
1764,1960,3.5717e-05
1764,1954,0.00058502
1765,1766,0.00020306
1766,1767,0.00016332
1767,1768,0.0001924
1768,1769,0.00019643
1769,1770,0.00022806
1770,1771,0.000447
1771,1772,0.00020276
1772,1773,0.00020069
1773,1774,0.00016703
1774,1775,0.00014303
1775,1776,0.00018159
1776,1777,0.0010455
1777,1778,0.00011077
1778,1666,0.00047001
1779,1780,0.00010797
1780,1781,0.00030204
1781,1782,0.00024766
1782,1783,0.00011789
1783,1784,9.6338e-05
1784,1785,0.00020483
1785,1784,0.00020483
1786,1959,0.00010756
1786,1787,0.00022601
1786,1791,0.0002989
1787,1788,0.00020066
1788,1735,0.00010767
1789,1790,0.0002306
1790,1791,0.0002348
1791,1786,0.0002989
1791,1790,0.0002348
1791,1792,0.00019678
1792,1791,0.00019678
1792,1793,0.00047401
