1,2,0.00066337
2,1,0.00066337
3,3,0
4,4,0
5,5,0
6,6,0
7,7,0
8,9,0.00026092
9,8,0.00026092
10,10,0
11,12,0.00070493
12,11,0.00070493
13,14,5.1177e-05
14,13,5.1177e-05
15,16,0.00053819
16,15,0.00053819
17,18,4.9961e-05
18,17,4.9961e-05
19,20,0.00041448
20,19,0.00041448
21,22,5.1171e-05
22,21,5.1171e-05
23,24,5.1177e-05
24,23,5.1177e-05
25,26,0.0031047
26,25,0.0031047
27,28,5.004e-05
28,27,5.004e-05
29,30,5.004e-05
30,29,5.004e-05
31,32,4.9961e-05
32,31,4.9961e-05
33,34,0.00075629
34,33,0.00075629
35,36,5.1245e-05
36,35,5.1245e-05
37,38,0.00048182
38,37,0.00048182
39,39,0
40,41,0.00033787
41,40,0.00033787
42,43,0.00070148
43,42,0.00070148
44,44,0
45,46,0.00030566
46,45,0.00030566
47,47,0
48,49,0.00027029
49,48,0.00027029
50,51,0.0008699
51,52,0.00098068
51,50,0.0008699
51,62,0.0028126
52,51,0.00098068
52,55,0.00059397
53,54,0.00084255
54,53,0.00084255
54,358,0.00047253
55,55,0
55,52,0.00059397
56,57,0.0032419
57,56,0.0032419
58,59,0.00050195
59,58,0.00050195
60,61,0.0015969
61,60,0.0015969
61,65,0.00021778
62,51,0.0028126
62,68,0.0020262
62,147,0.00028598
64,65,0.00038678
65,64,0.00038678
65,61,0.00021778
66,321,0.00045714
66,67,0.0020614
67,66,0.0020614
67,67,0
67,18969,0.184
68,62,0.0020262
69,70,0.00025016
70,69,0.00025016
71,72,0.00028714
72,71,0.00028714
73,73,0
74,75,0.00089789
75,74,0.00089789
76,76,0
77,77,0
78,79,0.00049491
78,121,0.0003496
79,78,0.00049491
80,80,0
81,81,0
82,82,0
83,83,0
84,84,0
85,85,0
86,86,0
87,88,0.00033018
88,87,0.00033018
88,92,0.00028391
88,93,0.00012423
89,89,0
90,91,0.0010228
91,90,0.0010228
92,88,0.00028391
93,88,0.00012423
93,94,9.88e-05
94,93,9.88e-05
95,95,0
96,96,0
97,97,0
98,99,0.00096638
98,109,0.0012861
98,108,0.0010107
99,98,0.00096638
100,101,0.00081137
101,110,0.00048215
101,100,0.00081137
102,141,0.0011037
102,142,0.0010986
102,103,0.00081203
103,141,0.0014334
103,102,0.00081203
103,142,0.0012398
104,105,0.00013068
104,104,0
105,104,0.00013068
106,106,0
107,107,0
108,98,0.0010107
108,133,0.0012126
109,98,0.0012861
109,5769,0.060858
110,149,0.0019485
110,101,0.00048215
111,112,0.0002536
112,111,0.0002536
113,114,0.00013734
113,130,0.00069303
114,113,0.00013734
115,115,0
116,116,0
117,117,0
118,119,0.00064261
119,118,0.00064261
120,120,0
121,78,0.0003496
122,122,0
123,123,0
124,124,0
125,125,0
126,126,0
127,127,0
128,128,0
129,129,0
130,113,0.00069303
130,135,7.2266e-05
131,132,0.00064927
132,131,0.00064927
133,108,0.0012126
133,179,0.0050205
133,5503,0.051904
134,172,0.0013389
135,130,7.2266e-05
136,137,0.00013868
137,136,0.00013868
138,153,0.00095987
139,156,0.00058767
139,140,0.00074258
140,139,0.00074258
140,155,0.00056504
140,172,0.0012163
140,260,0.0027792
140,4563,0.030071
141,102,0.0011037
141,668,0.0016776
141,103,0.0014334
142,102,0.0010986
142,103,0.0012398
143,409,0.0015899
143,144,0.0059789
144,143,0.0059789
144,177,0.0022278
145,146,0.0058361
145,178,0.0030692
145,13445,0.1266
146,410,0.0017109
146,145,0.0058361
146,10170,0.1149
147,321,0.0027
147,62,0.00028598
147,669,0.00024405
147,148,0.002165
148,147,0.002165
149,389,0.00078137
149,149,0
149,110,0.0019485
149,1140,0.0087675
149,1859,0.017699
150,151,0.0037088
150,232,0.0053555
151,383,0.00024324
151,389,9.7703e-05
151,386,0.00078965
151,150,0.0037088
151,963,0.006702
152,362,0.00024994
152,415,0.0033144
152,363,0.00049483
152,409,0.00192
152,520,0.0066927
152,386,0.0026815
153,702,0.0018133
153,138,0.00095987
153,170,0.0016163
154,155,0.0028227
154,171,0.0046782
155,154,0.0028227
155,170,0.00050744
155,140,0.00056504
156,139,0.00058767
157,157,0
158,158,0
159,159,0
160,160,0
161,161,0
162,162,0
163,163,0
164,164,0
165,165,0
166,166,0
167,167,0
168,168,0
169,169,0
170,153,0.0016163
170,155,0.00050744
170,249,0.00022301
171,154,0.0046782
171,249,0.0018222
171,705,0.0015742
171,832,0.00044193
171,844,0.00098196
171,260,0.0014744
171,1494,0.0061663
171,1482,0.0077387
172,134,0.0013389
172,140,0.0012163
172,201,0.0034648
173,173,0
174,174,0
175,175,0
176,177,0.0022652
177,176,0.0022652
177,144,0.0022278
177,266,0.0016478
177,268,0.0024222
178,145,0.0030692
178,180,0.0018435
178,267,0.00073718
179,133,0.0050205
180,178,0.0018435
181,181,0
182,183,0.00026375
183,182,0.00026375
184,185,1.336e-05
185,184,1.336e-05
186,187,1.373e-05
187,186,1.373e-05
188,189,1.5429e-05
189,188,1.5429e-05
190,191,1.816e-05
191,190,1.816e-05
193,194,1.5435e-05
194,193,1.5435e-05
195,196,2.0283e-05
196,195,2.0283e-05
197,198,0.00025444
198,197,0.00025444
199,200,0.00397
200,199,0.00397
200,296,0.00097372
201,172,0.0034648
201,260,0.001317
201,279,0.00013727
201,278,0.0002487
202,203,4.3538e-05
203,202,4.3538e-05
203,204,0.00010698
204,203,0.00010698
204,206,4.3538e-05
205,205,0
206,204,4.3538e-05
207,208,1.4066e-05
208,207,1.4066e-05
209,210,1.4227e-05
210,209,1.4227e-05
211,212,4.3462e-05
212,211,4.3462e-05
213,214,2.0348e-05
214,213,2.0348e-05
215,215,0
216,216,0
217,217,0
218,219,4.3744e-05
219,218,4.3744e-05
220,221,2.0348e-05
221,220,2.0348e-05
222,223,0.00023101
223,222,0.00023101
224,225,0.00023101
225,224,0.00023101
226,227,2.0283e-05
227,226,2.0283e-05
228,229,0.0012755
229,228,0.0012755
230,230,0
231,231,0
232,150,0.0053555
232,1453,0.0053665
233,233,0
234,234,0
235,235,0
236,236,0
237,237,0
238,238,0
239,239,0
240,240,0
241,241,0
242,242,0
243,243,0
244,244,0
245,245,0
246,246,0
247,247,0
248,248,0
249,170,0.00022301
249,705,0.00074214
249,171,0.0018222
250,250,0
251,251,0
252,252,0
253,253,0
254,255,5.2139e-05
255,254,5.2139e-05
255,262,5.8452e-05
256,257,0.0025125
257,256,0.0025125
258,259,0.00060044
259,258,0.00060044
260,140,0.0027792
260,171,0.0014744
260,272,0.00067905
260,273,0.00021602
260,201,0.001317
260,268,0.0014075
261,262,0.00038711
262,255,5.8452e-05
262,261,0.00038711
262,832,0.0011502
263,263,0
264,265,0.00022143
265,264,0.00022143
266,177,0.0016478
266,1427,0.0070089
267,178,0.00073718
267,1445,0.0079822
268,177,0.0024222
268,260,0.0014075
268,273,0.0013443
268,279,0.00010758
268,282,0.0001311
268,311,0.0017576
269,269,0
270,270,0
271,271,0
272,832,0.00036623
272,260,0.00067905
273,260,0.00021602
273,1220,0.00080752
273,268,0.0013443
274,275,0.00022802
275,274,0.00022802
276,276,0
277,277,0
278,201,0.0002487
279,201,0.00013727
279,268,0.00010758
279,282,0.00018833
280,281,0.00034519
280,285,6.2102e-05
280,284,0.00021024
281,280,0.00034519
282,279,0.00018833
282,268,0.0001311
282,283,0.00011567
283,282,0.00011567
284,280,0.00021024
285,280,6.2102e-05
286,286,0
287,287,0
288,288,0
289,289,0
290,290,0
291,291,0
292,292,0
293,293,0
294,294,0
295,295,0
296,200,0.00097372
297,297,0
298,298,0
299,299,0
300,300,0
301,301,0
302,302,0
303,303,0
304,304,0
305,305,0
306,306,0
307,307,0
308,1220,0.00059732
308,309,0.00079914
309,308,0.00079914
310,310,0
311,896,0.0038507
311,268,0.0017576
311,1446,0.0028728
312,312,0
313,314,0.0017783
314,313,0.0017783
315,316,0.00046134
316,315,0.00046134
317,317,0
318,318,0
319,325,0.00089642
319,320,0.0013551
319,321,0.002368
320,319,0.0013551
320,334,0.0015534
320,321,0.0010234
321,319,0.002368
321,320,0.0010234
321,66,0.00045714
321,522,0.0054328
321,147,0.0027
322,322,0
323,324,0.00085487
324,323,0.00085487
325,319,0.00089642
325,340,0.00015077
325,331,0.00077647
326,326,0
327,327,0
328,328,0
329,329,0
330,330,0
331,325,0.00077647
332,333,0.00025634
332,337,0.00016215
332,359,0.0011085
332,375,0.00079751
333,336,0.0001146
333,332,0.00025634
334,349,0.00035326
334,320,0.0015534
334,353,0.00014502
334,347,0.00018058
335,335,0
336,333,0.0001146
337,332,0.00016215
337,347,0.00059405
337,404,0.00081391
338,339,0.000259
339,338,0.000259
340,325,0.00015077
341,342,0.00048509
342,341,0.00048509
343,344,0.00043337
344,343,0.00043337
345,345,0
346,346,0
347,337,0.00059405
347,334,0.00018058
347,419,0.00015049
347,413,0.00076127
348,349,0.00040917
349,348,0.00040917
349,334,0.00035326
349,353,0.00039361
350,350,0
351,352,0.0004082
351,417,0.00089103
352,351,0.0004082
353,349,0.00039361
353,334,0.00014502
353,419,0.00017634
353,498,0.00076698
354,354,0
355,355,0
356,356,0
357,357,0
358,54,0.00047253
358,414,0.0032105
359,332,0.0011085
359,360,0.00013406
359,375,0.00076085
360,359,0.00013406
360,361,0.00030236
361,360,0.00030236
361,364,9.6161e-05
362,152,0.00024994
362,366,0.0002561
363,152,0.00049483
363,381,0.00034706
364,361,9.6161e-05
364,365,0.00037558
365,364,0.00037558
365,369,0.00012557
366,362,0.0002561
366,410,0.001931
366,383,0.0011605
367,368,0.0003101
367,426,0.0016216
368,367,0.0003101
369,365,0.00012557
369,382,0.00068886
370,370,0
371,371,0
372,372,0
373,373,0
374,374,0
375,332,0.00079751
375,359,0.00076085
375,404,0.00014009
376,376,0
377,378,0.00035325
378,377,0.00035325
379,380,0.0011059
380,379,0.0011059
381,363,0.00034706
381,389,0.0011015
382,369,0.00068886
382,388,0.00014499
382,438,0.001453
383,366,0.0011605
383,151,0.00024324
384,393,0.00062462
384,385,0.00027265
385,384,0.00027265
386,152,0.0026815
386,151,0.00078965
387,388,0.00025924
388,382,0.00014499
388,387,0.00025924
388,390,0.00054506
389,381,0.0011015
389,151,9.7703e-05
389,693,0.0016106
389,149,0.00078137
390,388,0.00054506
390,391,0.00025056
390,392,0.00019221
390,723,0.0017907
391,390,0.00025056
392,390,0.00019221
392,672,0.00023799
392,694,0.0014145
392,675,0.00061056
393,384,0.00062462
394,395,7.1715e-05
394,400,0.00039603
394,396,0.0002177
395,394,7.1715e-05
396,394,0.0002177
396,397,7.9311e-05
396,692,0.00088417
397,396,7.9311e-05
398,410,0.00088665
398,399,0.0016937
399,398,0.0016937
400,394,0.00039603
400,451,0.0010942
400,454,0.0012089
401,401,0
402,403,0.00099369
402,408,0.00031031
403,402,0.00099369
404,337,0.00081391
404,375,0.00014009
404,413,0.00060769
405,405,0
406,406,0
407,407,0
408,402,0.00031031
409,152,0.00192
409,143,0.0015899
409,456,0.00057535
409,11947,0.12581
410,146,0.0017109
410,366,0.001931
410,457,0.00017912
410,398,0.00088665
411,412,0.0024421
412,411,0.0024421
412,503,0.00065409
413,347,0.00076127
413,404,0.00060769
413,418,0.00014482
414,358,0.0032105
414,519,0.00018641
415,493,0.00083685
415,152,0.0033144
415,526,0.00093504
415,520,0.0035915
416,416,0
417,351,0.00089103
417,422,0.00030519
418,419,0.00072145
418,413,0.00014482
418,424,0.00061471
419,353,0.00017634
419,347,0.00015049
419,500,0.00063085
419,418,0.00072145
420,420,0
421,421,0
422,417,0.00030519
423,423,0
424,500,0.00054317
424,418,0.00061471
425,425,0
426,367,0.0016216
426,455,0.00013624
426,438,0.00069901
427,427,0
428,428,0
429,429,0
430,430,0
431,431,0
432,432,0
433,433,0
434,434,0
435,435,0
436,436,0
437,437,0
438,426,0.00069901
438,382,0.001453
439,439,0
440,440,0
441,441,0
442,442,0
443,443,0
444,444,0
445,445,0
446,446,0
447,447,0
448,448,0
449,450,2.0786e-05
450,449,2.0786e-05
450,726,0.00055426
451,460,0.00046722
451,400,0.0010942
452,453,0.0015252
453,524,0.00048049
453,452,0.0015252
454,541,0.0013991
454,400,0.0012089
455,426,0.00013624
455,458,0.00036246
456,409,0.00057535
456,526,0.00063163
456,523,0.00034752
457,410,0.00017912
457,459,0.00022527
458,455,0.00036246
458,532,0.00074219
459,457,0.00022527
459,523,0.00027581
459,460,0.00035639
460,459,0.00035639
460,451,0.00046722
461,461,0
462,462,0
463,464,0.00024034
464,463,0.00024034
465,465,0
466,466,0
467,468,0.00061471
467,501,0.00037434
467,498,0.00040739
468,467,0.00061471
469,469,0
470,470,0
471,472,0.007384
471,496,0.010058
472,471,0.007384
472,496,0.0027188
473,473,0
474,475,0.00023004
475,474,0.00023004
475,493,0.00061594
476,476,0
477,477,0
478,478,0
479,487,0.0010699
479,480,0.00078028
479,490,0.00014765
479,511,0.00025939
480,479,0.00078028
481,481,0
482,482,0
483,483,0
484,485,0.00024263
485,484,0.00024263
486,486,0
487,479,0.0010699
488,489,9.1462e-05
489,488,9.1462e-05
489,493,0.00081026
490,491,0.0011372
490,479,0.00014765
490,517,0.00028176
490,549,0.00057159
491,490,0.0011372
492,492,0
493,489,0.00081026
493,475,0.00061594
493,415,0.00083685
493,559,0.0019225
493,520,0.0038368
494,495,0.00041674
495,494,0.00041674
496,472,0.0027188
496,471,0.010058
496,645,5.0185e-05
496,646,0.00083798
497,497,0
498,353,0.00076698
498,467,0.00040739
498,502,0.00018492
498,514,0.00063809
499,499,0
500,419,0.00063085
500,501,0.0001865
500,502,0.00014116
500,424,0.00054317
501,467,0.00037434
501,500,0.0001865
502,498,0.00018492
502,500,0.00014116
502,507,0.00063626
502,506,0.00074576
503,504,0.00036741
503,412,0.00065409
504,503,0.00036741
505,505,0
506,502,0.00074576
507,502,0.00063626
507,514,0.00019142
507,528,0.00072909
508,509,0.00061115
509,508,0.00061115
510,510,0
511,512,0.00073812
511,479,0.00025939
511,517,0.00023406
511,514,0.00061281
512,511,0.00073812
513,513,0
514,511,0.00061281
514,498,0.00063809
514,507,0.00019142
515,515,0
516,516,0
517,490,0.00028176
517,511,0.00023406
517,550,0.0005544
517,519,0.0013802
518,518,0
519,517,0.0013802
519,414,0.00018641
519,562,0.0020415
520,493,0.0038368
520,152,0.0066927
520,415,0.0035915
520,589,0.0012416
520,1867,0.0047563
520,563,0.0013535
520,1767,0.00023275
520,1777,0.0027643
520,1860,0.0043327
521,521,0
522,321,0.0054328
522,599,0.0026411
522,559,0.0011839
522,563,0.00017855
522,664,0.004169
523,456,0.00034752
523,459,0.00027581
523,527,0.000435
523,531,0.00033896
524,525,0.00030697
524,453,0.00048049
525,524,0.00030697
526,415,0.00093504
526,456,0.00063163
526,563,0.0022155
527,523,0.000435
527,537,0.00030524
527,542,0.00026769
527,564,0.0022655
528,507,0.00072909
528,529,0.00054053
529,528,0.00054053
530,530,0
531,523,0.00033896
531,536,0.00045851
532,458,0.00074219
532,546,0.0007282
533,533,0
534,534,0
535,535,0
536,531,0.00045851
536,537,0.00047034
536,692,0.0011301
537,527,0.00030524
537,536,0.00047034
538,538,0
539,539,0
540,540,0
541,563,0.0016033
541,454,0.0013991
542,527,0.00026769
542,543,0.00059631
543,542,0.00059631
543,920,7.5672e-05
544,545,0.00070837
545,544,0.00070837
545,561,0.00026234
546,532,0.0007282
546,548,9.5372e-05
546,935,0.00068026
547,547,0
548,546,9.5372e-05
548,1038,0.0017772
549,490,0.00057159
549,551,0.00013124
549,550,0.00028185
549,556,0.00049272
550,517,0.0005544
550,549,0.00028185
550,554,0.00013282
550,555,0.00051582
551,549,0.00013124
551,557,0.00024698
552,552,0
553,553,0
554,550,0.00013282
554,560,0.00024598
555,550,0.00051582
555,556,0.00029081
555,560,0.00014034
556,549,0.00049272
556,557,0.00011451
556,555,0.00029081
557,551,0.00024698
557,556,0.00011451
558,558,0
559,577,0.0012124
559,493,0.0019225
559,589,0.0015853
559,522,0.0011839
560,554,0.00024598
560,555,0.00014034
561,545,0.00026234
562,519,0.0020415
563,526,0.0022155
563,541,0.0016033
563,522,0.00017855
563,564,0.00030891
563,520,0.0013535
563,3374,0.057539
564,527,0.0022655
564,563,0.00030891
564,1767,0.0012414
564,1049,0.0017806
565,566,0.00045009
566,567,0.00075093
566,565,0.00045009
567,566,0.00075093
568,569,0.00070811
569,568,0.00070811
570,571,0.00074929
571,570,0.00074929
572,573,0.00048265
573,572,0.00048265
574,575,0.00049379
575,574,0.00049379
576,576,0
577,559,0.0012124
578,578,0
579,580,0.00087199
580,579,0.00087199
581,581,0
582,583,0.0014506
583,582,0.0014506
584,584,0
585,585,0
586,586,0
587,587,0
588,588,0
589,599,0.00095509
589,559,0.0015853
589,613,0.00026517
589,520,0.0012416
590,590,0
591,591,0
592,592,0
593,593,0
594,594,0
595,595,0
596,596,0
597,597,0
598,598,0
599,589,0.00095509
599,522,0.0026411
600,600,0
601,601,0
602,602,0
603,603,0
604,604,0
605,605,0
606,606,0
607,608,0.0001342
608,607,0.0001342
609,610,0.00012401
610,609,0.00012401
611,612,4.4151e-05
612,611,4.4151e-05
613,589,0.00026517
613,613,0
614,614,0
615,615,0
616,616,0
617,617,0
618,618,0
619,619,0
620,620,0
621,621,0
622,622,0
623,623,0
624,625,0.00049267
625,624,0.00049267
626,627,0.00053441
627,626,0.00053441
628,629,0.00077556
628,635,0.00063166
628,664,0.0021738
629,628,0.00077556
629,644,0.00099622
630,630,0
631,631,0
632,632,0
633,633,0
634,634,0
635,628,0.00063166
636,636,0
637,637,0
638,638,0
639,639,0
640,640,0
641,641,0
642,642,0
643,643,0
644,647,0.00074335
644,629,0.00099622
644,665,0.0015495
644,664,0.0022846
645,496,5.0185e-05
646,496,0.00083798
647,2268,0.00062401
647,644,0.00074335
648,649,0.0001654
649,648,0.0001654
649,650,0.00035058
650,649,0.00035058
650,653,0.00031568
651,652,0.00034677
652,651,0.00034677
653,650,0.00031568
654,655,0.00083846
655,654,0.00083846
656,656,0
657,657,0
658,658,0
659,659,0
660,660,0
661,661,0
662,662,0
663,663,0
664,628,0.0021738
664,644,0.0022846
664,665,0.0024336
664,522,0.004169
664,1777,0.00016971
665,644,0.0015495
665,1895,0.00059003
665,2298,0.0013574
665,664,0.0024336
665,2331,0.0020626
665,2332,0.0021209
665,2333,0.0027088
665,2156,0.011536
666,667,0.001191
667,666,0.001191
668,141,0.0016776
669,147,0.00024405
669,682,0.00040199
670,671,0.00028278
671,670,0.00028278
672,392,0.00023799
673,673,0
674,674,0
675,392,0.00061056
675,681,0.00014195
676,676,0
677,677,0
678,678,0
679,679,0
680,680,0
681,675,0.00014195
681,683,0.00073592
682,669,0.00040199
682,684,6.4091e-05
683,681,0.00073592
683,700,9.1246e-05
684,682,6.4091e-05
684,686,0.00020189
685,685,0
686,684,0.00020189
687,688,0.0006807
688,687,0.0006807
689,689,0
689,718,0.00080779
690,690,0
691,691,0
692,396,0.00088417
692,536,0.0011301
692,729,0.00069078
693,389,0.0016106
693,702,0.0011491
693,993,0.0042976
694,392,0.0014145
694,728,0.00014763
695,695,0
696,696,0
697,697,0
698,698,0
699,699,0
700,683,9.1246e-05
701,701,0
702,693,0.0011491
702,153,0.0018133
703,703,0
704,704,0
705,706,0.0017678
705,249,0.00074214
705,865,0.0017285
705,171,0.0015742
706,705,0.0017678
707,707,0
708,708,0
709,709,0
710,710,0
711,711,0
712,712,0
713,713,0
714,714,0
715,715,0
716,716,0
717,717,0
718,689,0.00080779
719,719,0
720,720,0
721,721,0
722,722,0
723,390,0.0017907
723,747,0.00049247
724,725,0.0012088
725,724,0.0012088
726,450,0.00055426
726,727,4.202e-05
727,726,4.202e-05
728,694,0.00014763
728,798,0.001916
729,692,0.00069078
729,755,0.00049042
729,756,0.00073072
730,730,0
731,731,0
732,732,0
733,733,0
734,734,0
735,735,0
736,736,0
737,737,0
738,738,0
739,739,0
740,740,0
741,741,0
742,742,0
743,743,0
744,744,0
745,745,0
746,746,0
747,723,0.00049247
747,758,0.00016436
747,754,0.00023912
748,748,0
749,749,0
750,750,0
751,751,0
752,752,0
753,753,0
754,747,0.00023912
755,729,0.00049042
755,923,0.00012347
755,931,0.00096976
755,756,0.00045588
756,729,0.00073072
756,755,0.00045588
757,759,0.00015612
757,758,0.00024901
757,760,0.00025574
758,757,0.00024901
758,747,0.00016436
758,760,5.6109e-05
759,757,0.00015612
759,765,0.00030304
759,932,0.00083399
760,757,0.00025574
760,758,5.6109e-05
760,765,0.00016263
761,762,0.0004742
762,924,0.00012235
762,761,0.0004742
763,764,0.0020938
764,763,0.0020938
765,759,0.00030304
765,760,0.00016263
765,973,0.00087727
768,768,0
769,769,0
770,770,0
771,771,0
772,772,0
773,773,0
774,774,0
775,775,0
776,776,0
777,777,0
778,778,0
779,779,0
780,780,0
781,781,0
782,782,0
783,783,0
784,784,0
785,785,0
786,786,0
787,787,0
788,788,0
789,789,0
790,790,0
791,791,0
792,792,0
793,793,0
794,794,0
795,795,0
796,796,0
797,797,0
798,728,0.001916
798,973,0.00022278
798,978,9.1786e-05
799,799,0
800,800,0
801,801,0
802,803,0.0009457
803,802,0.0009457
803,867,0.0014058
804,804,0
805,805,0
806,806,0
807,807,0
808,808,0
809,809,0
810,810,0
811,811,0
812,813,0.00016477
813,812,0.00016477
814,815,0.00050285
815,814,0.00050285
816,816,0
817,817,0
818,818,0
819,819,0
820,821,0.0011081
820,860,0.0028482
821,820,0.0011081
822,823,0.00024771
823,822,0.00024771
824,824,0
825,825,0
826,826,0
827,827,0
828,828,0
829,829,0
830,830,0
831,831,0
832,262,0.0011502
832,171,0.00044193
832,272,0.00036623
832,1219,0.00085451
833,834,0.00033636
834,833,0.00033636
835,835,0
836,836,0
837,838,0.0094056
837,1522,0.0010978
837,1453,0.0017428
838,837,0.0094056
838,1482,0.012111
839,839,0
840,840,0
841,841,0
842,842,0
843,843,0
844,171,0.00098196
844,1232,0.00047324
844,1236,0.00072846
844,1246,0.0010179
845,845,0
846,846,0
847,847,0
848,848,0
849,849,0
850,850,0
851,867,0.0014087
851,852,0.0008523
852,851,0.0008523
853,853,0
854,854,0
855,855,0
856,856,0
857,857,0
858,858,0
859,859,0
860,820,0.0028482
860,1102,0.00051255
860,896,0.0020846
861,861,0
862,862,0
863,863,0
864,864,0
865,705,0.0017285
865,887,0.0005793
866,866,0
867,803,0.0014058
867,851,0.0014087
868,868,0
869,869,0
870,870,0
871,871,0
872,872,0
873,873,0
874,874,0
875,875,0
876,876,0
877,877,0
878,878,0
879,879,0
880,880,0
881,881,0
882,882,0
883,883,0
884,884,0
885,885,0
886,886,0
887,865,0.0005793
888,888,0
889,889,0
890,890,0
891,891,0
892,892,0
893,893,0
894,894,0
895,895,0
896,860,0.0020846
896,311,0.0038507
897,897,0
898,898,0
899,899,0
900,900,0
901,901,0
902,902,0
903,903,0
904,904,0
905,905,0
906,906,0
907,907,0
908,908,0
909,909,0
910,910,0
911,911,0
912,912,0
913,913,0
914,914,0
915,915,0
916,916,0
917,917,0
918,918,0
919,919,0
920,543,7.5672e-05
920,948,0.0017047
921,922,0.0009862
921,935,0.00013662
921,926,0.00066706
922,921,0.0009862
923,755,0.00012347
924,762,0.00012235
925,926,0.0013521
926,921,0.00066706
926,925,0.0013521
926,965,7.8311e-05
926,932,0.00019222
927,927,0
928,928,0
929,929,0
930,930,0
931,755,0.00096976
931,1061,0.0023529
932,759,0.00083399
932,926,0.00019222
932,968,7.174e-05
932,973,0.00043635
933,933,0
934,934,0
935,546,0.00068026
935,936,0.00070047
935,921,0.00013662
936,935,0.00070047
937,937,0
938,938,0
939,939,0
940,940,0
941,941,0
942,942,0
943,943,0
944,944,0
945,945,0
946,946,0
947,947,0
948,920,0.0017047
948,1048,0.00044719
949,949,0
950,950,0
951,951,0
952,952,0
953,953,0
954,954,0
955,955,0
956,956,0
957,957,0
958,958,0
959,959,0
960,960,0
961,961,0
962,962,0
963,151,0.006702
963,1194,0.001311
963,2937,0.030858
964,964,0
965,926,7.8311e-05
965,968,0.00019481
966,967,0.0034132
967,966,0.0034132
968,965,0.00019481
968,932,7.174e-05
968,986,0.00045309
969,969,0
970,970,0
971,971,0
972,972,0
973,765,0.00087727
973,932,0.00043635
973,986,7.7196e-05
973,798,0.00022278
974,974,0
975,976,0.011779
975,998,0.00089124
976,975,0.011779
976,998,0.012567
977,977,0
978,986,0.00022484
978,798,9.1786e-05
979,979,0
980,980,0
981,981,0
982,982,0
983,983,0
984,984,0
985,985,0
986,968,0.00045309
986,973,7.7196e-05
986,978,0.00022484
987,987,0
988,988,0
989,989,0
990,990,0
991,991,0
992,992,0
993,693,0.0042976
993,1061,0.0010976
993,1194,0.0008345
993,1202,0.0012512
994,994,0
995,995,0
996,996,0
997,997,0
998,976,0.012567
998,975,0.00089124
998,1943,0.00029955
998,1944,0.00033267
999,999,0
1000,1000,0
1001,1001,0
1002,1002,0
1003,1003,0
1004,1004,0
1005,1005,0
1006,1006,0
1007,1007,0
1008,1008,0
1009,1009,0
1010,1011,0.00039178
1011,1010,0.00039178
1012,1012,0
1013,1013,0
1014,1014,0
1015,1015,0
1016,1016,0
1017,1017,0
1018,1018,0
1019,1019,0
1020,1020,0
1021,1021,0
1022,1022,0
1023,1023,0
1024,1024,0
1025,1025,0
1026,1026,0
1027,1027,0
1028,1028,0
1029,1029,0
1030,1030,0
1031,1031,0
1032,1032,0
1033,1034,0.0017526
1034,1033,0.0017526
1035,1035,0
1036,1036,0
1037,1037,0
1038,1772,0.0011559
1038,548,0.0017772
1039,1039,0
1040,1040,0
1041,1041,0
1042,1042,0
1043,1043,0
1044,1044,0
1045,1045,0
1046,1046,0
1047,1047,0
1048,948,0.00044719
1048,1060,0.00059304
1049,564,0.0017806
1050,1050,0
1051,1051,0
1052,1052,0
1053,1053,0
1054,1054,0
1055,1055,0
1056,1056,0
1057,1057,0
1058,1058,0
1059,1059,0
1060,1048,0.00059304
1061,1767,0.0019737
1061,931,0.0023529
1061,1773,0.00071014
1061,993,0.0010976
1062,1063,0.00093031
1063,1062,0.00093031
1064,1064,0
1065,1065,0
1066,1066,0
1067,1067,0
1068,1068,0
1069,1069,0
1070,1070,0
1071,1071,0
1072,1072,0
1073,1073,0
1074,1074,0
1075,1075,0
1076,1076,0
1077,1077,0
1078,1078,0
1079,1079,0
1080,1080,0
1081,1081,0
1082,1082,0
1083,1083,0
1084,1084,0
1085,1085,0
1086,1086,0
1087,1087,0
1088,1088,0
1089,1089,0
1090,1090,0
1091,1091,0
1092,1092,0
1093,1093,0
1094,1094,0
1095,1095,0
1096,1096,0
1097,1097,0
1098,1098,0
1099,1099,0
1100,1100,0
1101,1101,0
1102,860,0.00051255
1103,1103,0
1104,1104,0
1105,1105,0
1106,1106,0
1107,1107,0
1108,1108,0
1109,1109,0
1110,1110,0
1111,1111,0
1112,1112,0
1113,1113,0
1114,1114,0
1115,1115,0
1116,1116,0
1117,1117,0
1118,1118,0
1119,1119,0
1120,1120,0
1121,1121,0
1122,1122,0
1123,1123,0
1124,1124,0
1125,1125,0
1126,1126,0
1127,1127,0
1128,1128,0
1129,1129,0
1130,1130,0
1131,1131,0
1132,1132,0
1133,1133,0
1134,1134,0
1135,1135,0
1136,1136,0
1137,1138,0.00089009
1138,1137,0.00089009
1139,1139,0
1140,149,0.0087675
1140,1916,0.0016523
1140,1930,0.00079036
1140,2066,0.0007689
1140,1494,0.0029512
1141,1142,0.0001136
1142,1141,0.0001136
1142,1143,6.364e-05
1143,1142,6.364e-05
1144,1144,0
1145,1145,0
1146,1146,0
1147,1147,0
1148,1148,0
1149,1150,0.00050469
1150,1149,0.00050469
1150,1154,0.00025307
1151,1151,0
1152,1152,0
1153,1153,0
1154,1150,0.00025307
1154,1566,0.0051353
1155,1156,0.0015128
1155,1186,8.6812e-05
1156,1155,0.0015128
1157,1157,0
1158,1158,0
1159,1159,0
1160,1160,0
1161,1161,0
1162,1162,0
1163,1163,0
1164,1164,0
1165,1165,0
1166,1166,0
1167,1167,0
1168,1168,0
1169,1169,0
1170,1170,0
1171,1171,0
1172,1172,0
1173,1173,0
1174,1174,0
1175,1175,0
1176,1176,0
1177,1177,0
1178,1178,0
1179,1180,0.0012217
1180,1179,0.0012217
1181,1181,0
1182,1182,0
1183,1183,0
1184,1185,0.00018623
1185,1184,0.00018623
1186,1155,8.6812e-05
1186,1187,4.6124e-05
1187,1188,0.00018609
1187,1186,4.6124e-05
1188,1187,0.00018609
1189,1189,0
1190,1191,8.669e-05
1191,1190,8.669e-05
1191,1192,3.0897e-05
1192,1191,3.0897e-05
1193,1194,0.0031356
1194,1193,0.0031356
1194,963,0.001311
1194,993,0.0008345
1194,1541,0.0013301
1194,1850,0.0028163
1194,1851,0.0034778
1195,1196,0.00117
1196,1195,0.00117
1197,1197,0
1198,1198,0
1199,1199,0
1200,1201,0.0034055
1201,1200,0.0034055
1202,993,0.0012512
1202,1455,0.0036399
1203,1203,0
1204,1204,0
1205,1205,0
1206,1206,0
1207,1207,0
1208,1208,0
1209,1210,9.9702e-05
1210,1209,9.9702e-05
1212,1212,0
1213,1213,0
1214,1214,0
1215,1215,0
1216,1217,4.9491e-05
1217,1216,4.9491e-05
1218,1218,0
1219,832,0.00085451
1220,273,0.00080752
1220,308,0.00059732
1220,1452,0.0038092
1222,1222,0
1223,1223,0
1224,1224,0
1225,1225,0
1226,1226,0
1227,1227,0
1228,1228,0
1229,1229,0
1230,1230,0
1231,1231,0
1232,844,0.00047324
1233,1233,0
1234,1234,0
1235,1235,0
1236,844,0.00072846
1237,1237,0
1238,1238,0
1239,1239,0
1240,1240,0
1241,1241,0
1242,1242,0
1243,1243,0
1244,1244,0
1245,1245,0
1246,844,0.0010179
1247,1247,0
1248,1248,0
1249,1249,0
1250,1250,0
1251,1251,0
1252,1252,0
1253,1253,0
1254,1254,0
1255,1255,0
1256,1256,0
1257,1257,0
1258,1258,0
1259,1259,0
1260,1260,0
1261,1261,0
1262,1262,0
1263,1263,0
1264,1264,0
1265,1265,0
1266,1266,0
1267,1267,0
1268,1268,0
1269,1269,0
1270,1270,0
1271,1271,0
1272,1272,0
1273,1273,0
1274,1274,0
1275,1276,0.0015343
1276,1275,0.0015343
1277,1278,0.0037919
1277,1467,0.0015883
1277,1470,0.00078244
1277,1450,0.00094039
1278,1277,0.0037919
1279,1279,0
1280,1280,0
1281,1281,0
1282,1282,0
1283,1283,0
1284,1284,0
1285,1285,0
1286,1286,0
1287,1287,0
1288,1288,0
1289,1289,0
1290,1290,0
1291,1291,0
1292,1292,0
1293,1293,0
1295,1295,0
1296,1296,0
1297,1297,0
1298,1298,0
1299,1299,0
1300,1300,0
1301,1301,0
1302,1302,0
1303,1303,0
1304,1304,0
1305,1305,0
1306,1306,0
1307,1307,0
1308,1308,0
1309,1309,0
1310,1310,0
1311,1311,0
1312,1312,0
1313,1313,0
1314,1314,0
1315,1315,0
1316,1316,0
1317,1317,0
1318,1318,0
1319,1319,0
1320,1320,0
1321,1321,0
1322,1322,0
1323,1323,0
1324,1324,0
1325,1325,0
1326,1326,0
1327,1327,0
1328,1328,0
1329,1329,0
1330,1330,0
1331,1331,0
1332,1333,0.0052221
1332,1440,0.0015778
1333,1332,0.0052221
1334,1334,0
1335,1335,0
1336,1336,0
1337,1337,0
1338,1338,0
1339,1339,0
1340,1340,0
1341,1341,0
1342,1342,0
1343,1343,0
1344,1344,0
1345,1345,0
1346,1346,0
1347,1347,0
1348,1348,0
1349,1349,0
1350,1350,0
1351,1351,0
1352,1352,0
1353,1353,0
1354,1354,0
1355,1355,0
1356,1356,0
1357,1357,0
1358,1358,0
1359,1359,0
1360,1360,0
1361,1361,0
1362,1362,0
1363,1363,0
1364,1364,0
1365,1365,0
1366,1366,0
1367,1367,0
1368,1368,0
1369,1369,0
1370,1370,0
1371,1371,0
1372,1372,0
1373,1373,0
1374,1374,0
1375,1375,0
1376,1376,0
1377,1377,0
1378,1378,0
1379,1379,0
1380,1380,0
1381,1381,0
1382,1382,0
1383,1383,0
1384,1384,0
1385,1385,0
1386,1386,0
1387,1387,0
1388,1388,0
1389,1389,0
1390,1390,0
1391,1391,0
1392,1392,0
1393,1393,0
1394,1394,0
1395,1396,0.0017962
1396,1487,0.00011964
1396,1395,0.0017962
1397,1397,0
1398,1398,0
1399,1399,0
1400,1400,0
1401,1401,0
1402,1402,0
1403,1403,0
1404,1404,0
1405,1405,0
1406,1406,0
1407,1407,0
1408,1408,0
1409,1409,0
1410,1410,0
1411,1411,0
1412,1412,0
1413,1413,0
1414,1414,0
1415,1415,0
1416,1416,0
1417,1417,0
1418,1418,0
1419,1419,0
1420,1420,0
1421,1421,0
1422,1422,0
1423,1423,0
1424,1424,0
1425,1425,0
1426,1426,0
1427,266,0.0070089
1427,4237,0.0012829
1427,4238,0.0015299
1428,1428,0
1429,1429,0
1430,1430,0
1431,1431,0
1432,1432,0
1433,1433,0
1434,1434,0
1435,1435,0
1436,1436,0
1437,1437,0
1438,1438,0
1439,1439,0
1440,1332,0.0015778
1441,1441,0
1442,1442,0
1443,1443,0
1444,1444,0
1445,267,0.0079822
1445,4279,0.0022534
1445,4278,0.0023327
1446,311,0.0028728
1446,1470,0.00092816
1446,4236,0.0042963
1447,1448,0.0043943
1448,1447,0.0043943
1448,4231,0.00028626
1449,1449,0
1450,1277,0.00094039
1450,1451,0.00037041
1451,1450,0.00037041
1452,1220,0.0038092
1452,1571,0.00071735
1452,1470,0.00063003
1452,1685,0.0011102
1453,232,0.0053665
1453,837,0.0017428
1453,1756,0.00091183
1453,4358,0.0081699
1454,1455,0.0033547
1455,1202,0.0036399
1455,1541,0.0036178
1455,1522,0.0008905
1455,1454,0.0033547
1456,1456,0
1457,1457,0
1458,1458,0
1459,1459,0
1460,1460,0
1461,1461,0
1462,1462,0
1463,1463,0
1464,1464,0
1465,1465,0
1466,1466,0
1467,1277,0.0015883
1468,1468,0
1469,1469,0
1470,1277,0.00078244
1470,1452,0.00063003
1470,1446,0.00092816
1470,1475,0.00097621
1471,1471,0
1472,1473,0.00091768
1473,1472,0.00091768
1474,1474,0
1475,1470,0.00097621
1476,1476,0
1477,1477,0
1478,1478,0
1479,1480,0.00012375
1480,1479,0.00012375
1480,1481,5.5938e-05
1481,1480,5.5938e-05
1482,838,0.012111
1482,171,0.0077387
1482,1566,0.00077896
1482,2153,0.00041498
1482,2154,0.00029786
1482,2155,0.00043501
1482,2138,0.0010977
1483,1483,0
1484,1484,0
1485,1485,0
1486,1487,0.0001047
1487,1486,0.0001047
1487,1396,0.00011964
1488,1488,0
1489,1489,0
1490,1490,0
1491,1491,0
1492,1492,0
1493,1493,0
1494,171,0.0061663
1494,1140,0.0029512
1494,2133,0.00067614
1494,1748,0.0010844
1495,1495,0
1496,1496,0
1497,1497,0
1498,1498,0
1499,1499,0
1500,1500,0
1501,1501,0
1502,1502,0
1503,1503,0
1504,1504,0
1505,1505,0
1506,1506,0
1507,1507,0
1508,1508,0
1509,1509,0
1510,1510,0
1511,1511,0
1512,1512,0
1513,1513,0
1514,1514,0
1515,1515,0
1516,1516,0
1517,1518,4.9468e-05
1518,1517,4.9468e-05
1519,1519,0
1520,1520,0
1521,1521,0
1522,1523,0.00095878
1522,1455,0.0008905
1522,1528,0.00048086
1522,837,0.0010978
1523,1522,0.00095878
1524,1524,0
1525,1525,0
1526,1526,0
1527,1527,0
1528,1522,0.00048086
1528,1696,0.0013679
1529,1529,0
1530,1530,0
1531,1531,0
1532,1532,0
1533,1533,0
1534,1534,0
1535,1535,0
1536,1536,0
1537,1537,0
1538,1538,0
1539,1539,0
1540,1540,0
1541,1194,0.0013301
1541,1455,0.0036178
1542,1542,0
1543,1544,0.00075802
1544,1543,0.00075802
1545,1545,0
1546,1546,0
1547,1547,0
1548,1548,0
1549,1549,0
1550,1550,0
1551,1551,0
1552,1552,0
1553,1553,0
1554,1554,0
1555,1555,0
1556,1556,0
1557,1557,0
1558,1558,0
1559,1559,0
1560,1560,0
1561,1561,0
1562,1562,0
1563,1563,0
1564,1565,7.2708e-05
1565,1564,7.2708e-05
1566,1154,0.0051353
1566,2108,0.00067746
1566,1482,0.00077896
1566,2133,0.0012117
1567,1567,0
1568,1569,5.0646e-05
1569,1568,5.0646e-05
1570,1571,0.0050135
1571,1570,0.0050135
1571,1452,0.00071735
1572,1572,0
1573,1574,5.7401e-05
1574,1573,5.7401e-05
1575,1575,0
1576,1576,0
1577,1577,0
1578,1578,0
1579,1579,0
1580,1580,0
1581,1581,0
1582,1582,0
1583,1583,0
1584,1584,0
1585,1585,0
1586,1587,4.9995e-05
1587,1586,4.9995e-05
1588,1588,0
1589,1589,0
1590,1591,5.285e-05
1591,1590,5.285e-05
1592,1592,0
1593,1594,5.1466e-05
1594,1593,5.1466e-05
1595,1595,0
1596,1596,0
1597,1597,0
1598,1598,0
1599,1599,0
1600,1600,0
1601,1602,0.0010845
1602,1601,0.0010845
1603,1603,0
1604,1604,0
1605,1605,0
1606,1606,0
1607,1607,0
1608,1608,0
1609,1609,0
1610,1610,0
1611,1611,0
1612,1612,0
1613,1614,5.686e-05
1614,1613,5.686e-05
1615,1616,5.158e-05
1616,1615,5.158e-05
1617,1617,0
1618,1618,0
1619,1619,0
1620,1620,0
1621,1621,0
1622,1622,0
1623,1623,0
1624,1624,0
1625,1625,0
1626,1626,0
1627,1627,0
1628,1628,0
1629,1629,0
1630,1630,0
1631,1631,0
1632,1633,2.4254e-05
1633,1632,2.4254e-05
1634,1634,0
1635,1635,0
1636,1637,4.0845e-05
1637,1636,4.0845e-05
1638,1638,0
1639,1639,0
1640,1640,0
1641,1641,0
1642,1642,0
1643,1643,0
1644,1644,0
1645,1645,0
1646,1646,0
1647,1647,0
1648,1648,0
1649,1649,0
1650,1650,0
1651,1651,0
1652,1652,0
1653,1653,0
1654,1654,0
1655,1655,0
1656,1656,0
1657,1657,0
1658,1658,0
1659,1659,0
1660,1660,0
1661,1661,0
1662,1662,0
1663,1663,0
1664,1664,0
1665,1665,0
1666,1666,0
1667,1667,0
1668,1668,0
1669,1669,0
1670,1670,0
1671,1671,0
1672,1672,0
1673,1673,0
1674,1674,0
1675,1675,0
1676,1676,0
1677,1677,0
1678,1678,0
1679,1679,0
1680,1681,0.0013444
1681,1680,0.0013444
1681,1754,0.00086486
1682,1682,0
1683,1683,0
1684,1684,0
1685,1696,0.0021643
1685,1452,0.0011102
1685,1686,0.00025584
1685,4245,0.0020963
1686,1685,0.00025584
1686,4231,0.0012796
1686,4239,0.00097026
1687,1687,0
1688,1688,0
1689,1689,0
1690,1690,0
1691,1691,0
1692,1692,0
1693,1693,0
1694,1694,0
1695,1695,0
1696,1784,0.0055557
1696,1528,0.0013679
1696,1763,0.0016388
1696,1685,0.0021643
1697,1697,0
1698,1698,0
1699,1699,0
1700,1700,0
1701,1701,0
1702,1702,0
1703,1703,0
1704,1704,0
1705,1705,0
1706,1706,0
1707,1707,0
1708,1708,0
1709,1709,0
1710,1710,0
1711,1711,0
1712,1712,0
1713,1713,0
1714,1714,0
1715,1715,0
1716,1717,0.00081522
1717,1716,0.00081522
1718,1718,0
1719,1719,0
1720,1720,0
1721,1721,0
1722,1722,0
1723,1724,5.5296e-05
1724,1723,5.5296e-05
1725,1725,0
1726,1726,0
1727,1727,0
1728,1728,0
1729,1729,0
1730,1731,7.08e-05
1731,1730,7.08e-05
1732,1732,0
1733,1734,4.3308e-05
1734,1733,4.3308e-05
1735,1736,3.3735e-05
1736,1735,3.3735e-05
1737,1738,4.9468e-05
1738,1737,4.9468e-05
1739,1739,0
1740,1741,5.001e-05
1741,1740,5.001e-05
1742,1742,0
1743,1743,0
1744,1744,0
1745,1745,0
1746,1746,0
1747,1747,0
1748,1494,0.0010844
1748,1752,0.0011876
1749,1750,0.00043862
1750,1749,0.00043862
1751,1751,0
1752,1748,0.0011876
1753,1753,0
1754,1681,0.00086486
1754,4257,0.0011757
1755,1755,0
1756,1757,0.0011599
1756,1453,0.00091183
1756,4235,0.0011119
1757,1756,0.0011599
1758,1759,0.00041349
1759,1758,0.00041349
1760,1760,0
1761,1761,0
1762,1762,0
1763,1696,0.0016388
1763,2138,0.0010957
1763,2148,0.00040754
1764,1765,0.0011192
1765,1764,0.0011192
1766,1766,0
1767,564,0.0012414
1767,520,0.00023275
1767,1061,0.0019737
1768,1768,0
1769,1769,0
1770,1770,0
1771,1771,0
1772,1038,0.0011559
1773,1061,0.00071014
1773,1782,0.0013488
1774,1774,0
1775,1775,0
1776,1776,0
1777,520,0.0027643
1777,664,0.00016971
1777,1892,0.0015202
1778,1779,0.0014184
1779,1778,0.0014184
1780,1781,0.002427
1781,1780,0.002427
1782,1773,0.0013488
1783,1783,0
1784,1696,0.0055557
1785,1785,0
1786,1786,0
1787,1787,0
1788,1788,0
1789,1789,0
1790,1790,0
1791,1791,0
1792,1793,0.00026521
1793,1792,0.00026521
1793,1836,0.0014177
1794,1794,0
1795,1795,0
1796,1796,0
1797,1797,0
1798,1798,0
1799,1799,0
1800,1800,0
1801,1801,0
1802,1802,0
1803,1803,0
1804,1804,0
1805,1805,0
1806,1806,0
1807,1807,0
1808,1808,0
1809,1809,0
1810,1810,0
1811,1811,0
1812,1813,5.5237e-05
1813,1812,5.5237e-05
1814,1814,0
1815,1815,0
1816,1816,0
1817,1818,6.0251e-05
1818,1817,6.0251e-05
1819,1819,0
1820,1820,0
1821,1821,0
1822,1822,0
1823,1823,0
1824,1824,0
1825,1825,0
1826,1826,0
1827,1827,0
1828,1828,0
1829,1829,0
1830,1830,0
1831,1831,0
1832,1832,0
1833,1833,0
1834,1834,0
1835,1835,0
1836,1793,0.0014177
1837,1837,0
1838,1838,0
1839,1839,0
1840,1841,7.3808e-05
1841,1840,7.3808e-05
1842,1842,0
1843,1843,0
1844,1844,0
1845,1845,0
1846,1847,0.00014568
1847,1846,0.00014568
1848,1849,0.00076405
1849,1848,0.00076405
1850,1923,0.0041186
1850,1194,0.0028163
1850,1948,0.0013482
1850,1930,0.0017142
1851,1194,0.0034778
1852,1852,0
1853,1853,0
1854,1854,0
1855,1856,0.00031234
1855,2189,0.0032726
1855,2173,0.0097289
1856,1857,0.00011966
1856,1855,0.00031234
1857,1856,0.00011966
1858,1858,0
1859,149,0.017699
1859,2422,0.0019448
1859,2448,0.00078245
1860,520,0.0043327
1860,1892,0.00034352
1860,1902,0.00050877
1860,2316,0.00076643
1860,1915,0.0019032
1860,1930,0.0060274
1861,1861,0
1862,1862,0
1863,1863,0
1864,1864,0
1865,1865,0
1866,1866,0
1867,2272,0.0011954
1867,520,0.0047563
1867,2273,0.00098035
1868,1868,0
1869,1869,0
1870,1870,0
1871,1871,0
1872,1873,0.00015434
1872,1890,0.00063597
1873,1872,0.00015434
1874,1874,0
1875,1875,0
1876,1876,0
1877,1877,0
1878,1878,0
1879,1879,0
1880,1880,0
1881,1881,0
1882,1882,0
1883,1883,0
1884,1884,0
1885,1885,0
1886,1886,0
1887,1887,0
1888,1888,0
1889,1889,0
1890,1872,0.00063597
1891,1891,0
1892,2273,0.00095026
1892,1777,0.0015202
1892,2315,0.00054488
1892,1860,0.00034352
1893,1894,0.00091978
1894,1893,0.00091978
1895,665,0.00059003
1895,2273,0.0011136
1896,1896,0
1897,1897,0
1898,1898,0
1899,1899,0
1900,1900,0
1901,1901,0
1902,1860,0.00050877
1903,1903,0
1904,1904,0
1905,1905,0
1906,1906,0
1907,1907,0
1908,1908,0
1909,1909,0
1910,1910,0
1911,1912,0.00011126
1912,1911,0.00011126
1912,2317,0.00099388
1913,1914,0.00088975
1914,1913,0.00088975
1915,1860,0.0019032
1915,1935,0.0013206
1916,1140,0.0016523
1917,1918,0.00015067
1917,1922,0.00062188
1918,1917,0.00015067
1919,1919,0
1920,1921,0.00086424
1920,1935,0.0013596
1921,1920,0.00086424
1922,1917,0.00062188
1922,1942,0.002771
1923,1850,0.0041186
1924,1924,0
1925,1925,0
1926,1926,0
1927,1927,0
1928,1928,0
1929,1929,0
1930,1860,0.0060274
1930,1850,0.0017142
1930,1140,0.00079036
1930,2107,0.00032529
1930,1953,0.0021254
1930,2167,0.0055919
1930,4369,0.01028
1931,1931,0
1932,1932,0
1933,1933,0
1934,1934,0
1935,1915,0.0013206
1935,1920,0.0013596
1935,1951,0.00072421
1935,1948,0.0014058
1936,1937,0.0042456
1937,1936,0.0042456
1938,1938,0
1939,1939,0
1940,1940,0
1941,1941,0
1942,2337,0.0013817
1942,1922,0.002771
1942,2352,0.00064441
1942,1950,0.0018877
1943,998,0.00029955
1943,6343,0.048655
1944,998,0.00033267
1944,6342,0.048661
1945,1947,0.00023843
1945,1946,0.00023127
1945,10074,0.089337
1945,10075,0.089339
1946,1945,0.00023127
1946,6341,0.048659
1946,10075,0.089109
1947,1945,0.00023843
1947,6344,0.048657
1947,10074,0.089108
1948,1935,0.0014058
1948,1850,0.0013482
1948,2204,0.00071786
1948,2190,0.0017906
1949,1950,0.0022644
1950,1942,0.0018877
1950,1951,0.00073186
1950,1949,0.0022644
1950,2355,0.00067091
1950,2420,0.00273
1950,2156,0.0056877
1950,2506,0.0087648
1951,1935,0.00072421
1951,1950,0.00073186
1951,2447,0.0065129
1952,2322,0.0003074
1952,2316,0.00046989
1952,2333,0.00071264
1952,1953,0.006787
1952,1954,0.0070005
1953,1952,0.006787
1953,1930,0.0021254
1953,1954,0.00071405
1953,2174,0.0022241
1954,1952,0.0070005
1954,1953,0.00071405
1954,2249,0.00045904
1955,1955,0
1956,1956,0
1957,1957,0
1958,1959,7.5961e-05
1959,1958,7.5961e-05
1960,1960,0
1961,1962,0.00016817
1962,1961,0.00016817
1963,1964,0.00014861
1964,1963,0.00014861
1965,1965,0
1966,1966,0
1967,1967,0
1968,1968,0
1969,1969,0
1970,1971,0.00023423
1971,1970,0.00023423
1972,1973,4.6554e-05
1973,1972,4.6554e-05
1974,1975,7.0314e-05
1975,1974,7.0314e-05
1976,1976,0
1977,1978,0.00013594
1978,1977,0.00013594
1979,1980,0.00013399
1980,1979,0.00013399
1981,1982,0.00017143
1982,1981,0.00017143
1983,1984,9.2179e-05
1984,1983,9.2179e-05
1985,1986,5.8941e-05
1986,1985,5.8941e-05
1988,1989,3.1645e-05
1989,1988,3.1645e-05
1990,1991,3.7477e-05
1991,1990,3.7477e-05
1992,1993,6.5878e-05
1993,1992,6.5878e-05
1994,1995,6.4263e-05
1995,1994,6.4263e-05
1996,1996,0
1997,1997,0
1998,1998,0
1999,2000,0.00048248
2000,1999,0.00048248
2002,2002,0
2003,2003,0
2004,2004,0
2005,2005,0
2006,2006,0
2007,2007,0
2008,2008,0
2009,2009,0
2010,2010,0
2011,2011,0
2012,2058,0.00028267
2012,2013,0.00010465
2012,2064,0.00037455
2013,2012,0.00010465
2013,2065,0.00028469
2014,2014,0
2015,2016,0.0029051
2016,2015,0.0029051
2017,2017,0
2018,2019,8.5795e-05
2019,2018,8.5795e-05
2020,2021,6.9096e-05
2021,2020,6.9096e-05
2022,2023,4.8748e-05
2023,2022,4.8748e-05
2024,2024,0
2025,2026,5.5343e-05
2026,2025,5.5343e-05
2027,2027,0
2028,2029,3.8386e-05
2029,2028,3.8386e-05
2030,2030,0
2031,2032,6.6501e-05
2032,2031,6.6501e-05
2033,2033,0
2034,2034,0
2035,2035,0
